8.071389380530974, 6.042221238938055, 4.935884955752212, 8.000699115044249, 12.539530973451324, 17.186566371681423, 14.66341592920354, 9.28716814159292, 9.535654867256639
1.2841060347805369, 1.3812729202648084, 0.6666796440770993, 1.4203959742365984, 4.145494946955711, 8.088025637061977, 8.169806341576361, 5.897554376739198, 4.118569226540176

[0.5212035398230088, 0.4480530973451328, 0.44123893805309744, 0.6560353982300884, 0.8813008849557521, 0.8963716814159289, 0.4669115044247788, 0.4129911504424777, 0.48044247787610633]
[0.12475343181063839, 0.09627668835442435, 0.09453353334296723, 0.13851429939304402, 0.2185502062549567, 0.18099064634757905, 0.09488395870673083, 0.07969993455268976, 0.11548726612968166]

[0.3056637168141595, 0.2927610619469027, 0.37020353982300885, 0.40024778761061935, 0.5390973451327432, 0.5598318584070797, 0.30954867256637175, 0.2662035398230088, 0.30314159292035386]
[0.06766649222662639, 0.057814208734666875, 0.06701118111591005, 0.0767017590426587, 0.1560124209147379, 0.12731279177538946, 0.07436396871718631, 0.06276845486008677, 0.072447462472481]

[0.4013893805309735, 0.4119911504424777, 0.5227876106194691, 0.521504424778761, 0.506646017699115, 0.5046194690265488, 0.6001327433628317, 0.38477876106194703, 0.40762831858407084]
[0.08861644842507889, 0.07109092963007048, 0.09275865070240925, 0.09180935652221457, 0.12645177613494046, 0.12666661129681012, 0.14035835958311618, 0.09057629986690821, 0.09807945078906358]

[0.6466017699115043, 0.8492035398230088, 0.8236106194690263, 0.8697256637168141, 0.8827345132743366, 0.7740796460176991, 0.9080442477876106, 0.7556814159292037, 0.712345132743363]
[0.13754809551912453, 0.13433607039986878, 0.18174948399232022, 0.1702834309717112, 0.21736320152041738, 0.19570065372630016, 0.2288819454321117, 0.19402482577614694, 0.16615046863768457]

[0.0031238938053097342, 0.006053097345132745, 0.0, 0.005371681415929204, 0.11253982300884953, 0.320424778761062, 0.2586814159292035, 0.10609734513274335, 0.06560176991150443]
[0.015177494251059201, 0.02608523832645671, 0.0, 0.024525657394332327, 0.17013690663168518, 0.3259782501379565, 0.30462979899115805, 0.20839580977739136, 0.16250356237473082]

9.84545931858
2.2788883952

113 sets