[8.4085234375, 6.084742187499998, 4.947851562499999, 8.2176015625, 12.2845703125, 15.945750000000002, 12.330382812500005, 7.285601562499999, 8.7699453125]
[1.4973150186502784, 1.1084278791243998, 0.508095249587918, 1.5789501473479328, 4.115025559389777, 7.396798255833398, 7.8116485777262215, 5.764710926647585, 3.488461834902566]

[0.5288828125, 0.455125, 0.4421484374999999, 0.6522656250000001, 0.8421015625000003, 0.8732890624999993, 0.46729687499999994, 0.40548437500000006, 0.4858046875000001]
[0.12948839360958125, 0.10033864534664597, 0.08263663778136544, 0.12649539791375564, 0.19006096225305866, 0.16569004158479497, 0.11038217412804649, 0.08640149597003152, 0.11912008506346586]

[0.2536250000000001, 0.38671093749999985, 0.37353906249999996, 0.3937187500000001, 0.3694531249999998, 0.36311718750000005, 0.30546875000000007, 0.25978125, 0.3978046875]
[0.061165630667884066, 0.0796734695828611, 0.07542783205900255, 0.08143487980243785, 0.09336235350897264, 0.0930219749822043, 0.07307861108722237, 0.05629053227175508, 0.09677107801676771]

[0.5468046875000003, 0.42903906249999996, 0.51515625, 0.5250859375, 0.7445859374999997, 0.7721562500000003, 0.612640625, 0.3742187500000001, 0.40256250000000005]
[0.11161366533954228, 0.08284194310022608, 0.08796318810125915, 0.08869840290132677, 0.17167736488758817, 0.14456423947829386, 0.13431025965878174, 0.0777571276375195, 0.09391150671642959]

[0.6505078124999999, 0.5013203125, 0.7238046875, 0.9273515624999997, 0.8168124999999997, 0.7556718749999999, 0.9257187499999999, 0.7617500000000001, 0.39882031249999994]
[0.1316893240318472, 0.125055608480397, 0.13011845916520587, 0.20630183401101548, 0.19826472793653943, 0.1990599826911084, 0.23104510982368248, 0.18654892119763114, 0.11485707379130962]

[0.0048359375, 0.007109375000000002, 0.0, 0.0096328125, 0.1086953125, 0.24788281250000008, 0.195125, 0.058632812500000006, 0.034445312500000005]
[0.02322672805188225, 0.024436855610110213, 0.0, 0.042045710076532704, 0.17611016432343518, 0.30480446142500905, 0.2755552632866954, 0.2021259613108614, 0.13365614748030613]

9.07723599219
2.37757457373



128 sets