---------------
Time: 7.9225
Hour  1 : [2, 5, 0, 3, 1]
Hour  2 : [2, 3, 0, 4, 2]
Hour  3 : [2, 3, 0, 3, 1]
Hour  4 : [2, 4, 0, 4, 1]
Hour  5 : [1, 3, 0, 2, 1]
Hour  6 : [1, 3, 0, 2, 1]
Hour  7 : [2, 4, 0, 3, 1]
Hour  8 : [2, 4, 0, 4, 1]
Hour  9 : [2, 3, 0, 4, 2]
---------------
---------------
Time: 7.9875
Hour  1 : [2, 4, 0, 4, 1]
Hour  2 : [2, 4, 0, 3, 2]
Hour  3 : [2, 3, 0, 2, 2]
Hour  4 : [2, 4, 0, 4, 1]
Hour  5 : [1, 3, 0, 2, 1]
Hour  6 : [1, 3, 0, 2, 1]
Hour  7 : [2, 4, 0, 3, 1]
Hour  8 : [2, 4, 0, 3, 2]
Hour  9 : [2, 3, 0, 4, 2]
---------------
---------------
Time: 8.0625
Hour  1 : [2, 3, 0, 4, 2]
Hour  2 : [2, 4, 0, 4, 1]
Hour  3 : [2, 3, 0, 3, 1]
Hour  4 : [2, 5, 0, 3, 1]
Hour  5 : [1, 3, 0, 2, 1]
Hour  6 : [1, 3, 0, 2, 1]
Hour  7 : [2, 3, 0, 3, 2]
Hour  8 : [2, 3, 0, 4, 2]
Hour  9 : [2, 4, 0, 4, 1]
---------------
---------------
Time: 8.065
Hour  1 : [2, 5, 0, 3, 1]
Hour  2 : [2, 3, 0, 4, 2]
Hour  3 : [2, 3, 0, 2, 2]
Hour  4 : [2, 5, 0, 3, 1]
Hour  5 : [1, 3, 0, 2, 1]
Hour  6 : [1, 3, 0, 2, 1]
Hour  7 : [2, 4, 0, 3, 1]
Hour  8 : [2, 5, 0, 3, 1]
Hour  9 : [2, 4, 0, 4, 1]
---------------
---------------
Time: 8.07875
Hour  1 : [1, 4, 0, 4, 2]
Hour  2 : [2, 4, 0, 4, 1]
Hour  3 : [2, 3, 0, 3, 1]
Hour  4 : [2, 4, 0, 3, 2]
Hour  5 : [1, 3, 0, 2, 1]
Hour  6 : [1, 3, 0, 2, 1]
Hour  7 : [2, 3, 0, 3, 2]
Hour  8 : [2, 4, 0, 3, 2]
Hour  9 : [2, 4, 0, 4, 1]
---------------
---------------
Time: 8.0825
Hour  1 : [1, 6, 0, 2, 2]
Hour  2 : [2, 3, 0, 4, 2]
Hour  3 : [2, 4, 0, 2, 1]
Hour  4 : [2, 4, 0, 4, 1]
Hour  5 : [1, 4, 0, 1, 1]
Hour  6 : [1, 2, 0, 3, 1]
Hour  7 : [2, 4, 0, 3, 1]
Hour  8 : [2, 3, 0, 4, 2]
Hour  9 : [2, 4, 0, 4, 1]
---------------
---------------
Time: 8.13625
Hour  1 : [2, 4, 0, 3, 2]
Hour  2 : [2, 4, 0, 4, 1]
Hour  3 : [2, 4, 0, 2, 1]
Hour  4 : [2, 4, 0, 4, 1]
Hour  5 : [1, 3, 0, 2, 1]
Hour  6 : [1, 3, 0, 2, 1]
Hour  7 : [2, 4, 0, 3, 1]
Hour  8 : [2, 3, 0, 4, 2]
Hour  9 : [2, 5, 0, 3, 1]
---------------
---------------
Time: 8.13875
Hour  1 : [1, 6, 0, 2, 2]
Hour  2 : [2, 3, 0, 4, 2]
Hour  3 : [2, 3, 0, 2, 2]
Hour  4 : [2, 4, 0, 4, 1]
Hour  5 : [1, 3, 0, 2, 1]
Hour  6 : [1, 3, 0, 2, 1]
Hour  7 : [2, 4, 0, 3, 1]
Hour  8 : [2, 4, 0, 3, 2]
Hour  9 : [2, 3, 0, 4, 2]
---------------
---------------
Time: 8.155
Hour  1 : [2, 5, 0, 3, 1]
Hour  2 : [2, 4, 0, 4, 1]
Hour  3 : [2, 2, 0, 3, 2]
Hour  4 : [2, 4, 0, 3, 2]
Hour  5 : [1, 3, 0, 2, 1]
Hour  6 : [1, 2, 0, 3, 1]
Hour  7 : [2, 5, 0, 2, 1]
Hour  8 : [2, 4, 0, 4, 1]
Hour  9 : [2, 4, 0, 3, 2]
---------------
---------------
Time: 8.1575
Hour  1 : [2, 4, 0, 3, 2]
Hour  2 : [2, 5, 0, 2, 2]
Hour  3 : [2, 4, 0, 2, 1]
Hour  4 : [2, 4, 0, 4, 1]
Hour  5 : [1, 4, 0, 1, 1]
Hour  6 : [1, 3, 0, 2, 1]
Hour  7 : [2, 5, 0, 2, 1]
Hour  8 : [2, 3, 0, 4, 2]
Hour  9 : [2, 3, 0, 4, 2]
---------------
