AVG: 6.610 5.861 5.013 7.463 8.471 34.001 26.196 8.832 7.429
Reg: 0.335 0.441 0.469 0.636 0.805 1.000 0.710 0.321 0.361
Pac: 0.200 0.496 0.353 0.353 0.304 0.237 0.495 0.304 0.367
Che: 0.332 0.468 0.483 0.514 0.517 0.834 0.874 0.449 0.386
Pay: 0.786 0.523 0.883 0.982 0.875 0.598 1.166 1.081 0.326
Limit: 0.000 0.000 0.000 0.000 0.000 1.000 0.700 0.021 0.000
11.810345
AVG: 7.053 4.481 4.682 6.308 11.112 23.491 21.736 7.844 8.377
Reg: 0.297 0.544 0.603 0.447 0.862 1.000 0.500 0.602 0.594
Pac: 0.175 0.420 0.324 0.209 0.317 0.351 0.247 0.343 0.477
Che: 0.327 0.443 0.600 0.410 0.539 0.730 0.531 0.476 0.380
Pay: 0.402 0.572 0.638 0.617 0.551 0.763 0.780 1.162 0.401
Limit: 0.000 0.000 0.000 0.000 0.000 0.600 0.586 0.020 0.000
9.496737
AVG: 9.472 7.054 5.513 7.178 13.994 11.174 15.363 4.639 9.940
Reg: 0.755 0.341 0.573 0.743 0.783 0.679 0.760 0.423 0.467
Pac: 0.386 0.370 0.564 0.361 0.322 0.264 0.413 0.252 0.478
Che: 0.707 0.377 0.623 0.562 1.016 0.449 0.707 0.387 0.397
Pay: 0.687 0.452 0.843 1.123 1.049 0.406 0.799 0.812 0.492
Limit: 0.000 0.026 0.000 0.000 0.032 0.000 0.256 0.000 0.053
9.039315
AVG: 10.991 6.150 0.000 4.280 5.261 10.073 13.378 5.193 6.385
Reg: 0.596 0.456 0.485 0.687 1.518 0.748 0.578 0.470 0.246
Pac: 0.316 0.439 0.469 0.349 0.504 0.458 0.454 0.259 0.310
Che: 0.794 0.428 0.626 0.442 1.026 0.623 0.800 0.428 0.302
Pay: 0.781 0.513 0.000 0.995 1.000 1.000 1.984 1.195 0.226
Limit: 0.071 0.024 0.000 0.000 0.000 0.000 0.188 0.000 0.000
7.972593
AVG: 8.603 5.290 5.351 6.618 9.612 19.957 12.731 4.183 7.695
Reg: 0.377 0.482 0.421 0.588 0.646 1.000 0.409 0.313 0.325
Pac: 0.209 0.444 0.465 0.260 0.355 0.431 0.293 0.263 0.322
Che: 0.480 0.359 0.591 0.508 0.797 0.661 0.635 0.385 0.387
Pay: 0.586 0.460 0.599 0.747 0.935 0.680 0.816 0.742 0.397
Limit: 0.000 0.000 0.000 0.000 0.000 0.571 0.105 0.000 0.000
8.443071
AVG: 10.297 4.775 4.505 11.304 9.666 13.679 9.418 3.804 6.656
Reg: 0.481 0.405 0.388 0.653 1.026 1.336 0.430 0.291 0.209
Pac: 0.220 0.281 0.452 0.512 0.210 0.455 0.235 0.213 0.248
Che: 0.621 0.367 0.496 0.672 0.554 0.868 0.665 0.267 0.229
Pay: 0.586 0.380 0.724 1.443 1.105 0.864 1.176 0.541 0.209
Limit: 0.000 0.000 0.000 0.069 0.037 0.059 0.023 0.000 0.000
7.783326
AVG: 9.300 5.500 4.910 8.318 0.000 0.000 8.370 7.666 6.049
Reg: 0.582 0.503 0.332 0.657 1.094 1.049 0.551 0.469 0.594
Pac: 0.344 0.447 0.324 0.342 0.310 0.406 0.402 0.335 0.486
Che: 0.598 0.445 0.411 0.446 0.749 0.670 0.697 0.475 0.401
Pay: 0.792 0.419 0.547 0.735 0.000 0.000 0.926 1.961 0.900
Limit: 0.000 0.000 0.000 0.000 0.000 0.000 0.000 0.015 0.000
6.920857
AVG: 7.769 4.714 4.631 9.024 18.362 17.527 8.169 5.315 6.405
Reg: 0.672 0.450 0.496 0.806 0.960 0.956 0.379 0.516 0.233
Pac: 0.245 0.493 0.296 0.447 0.357 0.377 0.197 0.283 0.255
Che: 0.634 0.519 0.453 0.481 0.900 0.948 0.492 0.495 0.351
Pay: 0.617 0.572 0.639 0.986 1.000 1.000 0.919 0.990 0.268
Limit: 0.000 0.000 0.000 0.031 0.346 0.208 0.050 0.000 0.000
8.352947
AVG: 8.217 5.834 4.879 7.139 10.242 9.258 6.362 5.085 9.754
Reg: 0.445 0.601 0.513 0.551 0.821 0.790 0.304 0.410 0.544
Pac: 0.163 0.487 0.341 0.382 0.449 0.364 0.220 0.185 0.475
Che: 0.338 0.560 0.515 0.474 0.758 0.842 0.462 0.371 0.458
Pay: 0.582 0.477 0.727 0.675 0.768 0.899 0.506 0.635 0.350
Limit: 0.000 0.000 0.000 0.000 0.042 0.000 0.000 0.000 0.040
7.066873
AVG: 9.236 5.342 5.489 9.037 14.725 12.802 6.474 5.440 7.019
Reg: 0.579 0.632 0.489 0.860 1.055 0.876 0.344 0.521 0.618
Pac: 0.310 0.397 0.417 0.405 0.407 0.345 0.354 0.320 0.519
Che: 0.523 0.444 0.600 0.626 0.856 0.753 0.442 0.522 0.531
Pay: 0.633 0.464 0.703 0.897 0.823 0.792 0.771 0.834 0.635
Limit: 0.000 0.000 0.000 0.000 0.263 0.000 0.000 0.000 0.000
7.764314
AVG: 8.031 5.103 4.991 6.871 11.194 27.330 26.617 5.723 12.837
Reg: 0.623 0.512 0.508 0.422 0.690 1.000 0.725 0.427 0.673
Pac: 0.287 0.388 0.230 0.347 0.334 0.581 0.487 0.276 0.626
Che: 0.650 0.472 0.470 0.378 0.658 0.877 0.825 0.403 0.544
Pay: 0.802 0.321 0.759 0.656 0.793 0.978 1.303 0.894 0.400
Limit: 0.000 0.000 0.000 0.000 0.045 0.923 0.642 0.000 0.000
12.879017
AVG: 10.345 6.499 4.595 9.002 9.753 18.185 8.922 7.267 7.221
Reg: 0.644 0.545 0.426 0.513 0.797 0.927 0.403 0.414 0.482
Pac: 0.280 0.352 0.358 0.333 0.273 0.424 0.221 0.394 0.460
Che: 0.613 0.423 0.618 0.567 0.727 0.792 0.514 0.473 0.331
Pay: 0.653 0.571 0.919 1.142 0.819 0.647 0.853 0.827 0.322
Limit: 0.000 0.000 0.000 0.000 0.000 0.421 0.000 0.000 0.000
8.448757
AVG: 7.728 5.990 4.742 7.225 0.000 0.000 9.289 12.841 12.162
Reg: 0.465 0.500 0.398 0.563 0.861 0.598 0.500 0.406 0.392
Pac: 0.324 0.342 0.332 0.350 0.237 0.203 0.300 0.240 0.435
Che: 0.570 0.307 0.462 0.449 0.862 0.184 0.555 0.386 0.298
Pay: 0.772 0.385 0.662 0.847 0.000 0.000 0.938 1.324 0.432
Limit: 0.000 0.000 0.000 0.000 0.000 0.000 0.056 0.132 0.095
9.126701
AVG: 8.620 6.800 4.073 13.075 23.665 26.912 8.457 4.525 7.694
Reg: 0.621 0.665 0.277 0.784 1.246 0.803 0.431 0.363 0.508
Pac: 0.182 0.511 0.225 0.691 0.588 0.410 0.273 0.260 0.427
Che: 0.429 0.527 0.357 0.671 0.942 1.085 0.701 0.358 0.352
Pay: 0.554 0.540 0.745 1.162 0.864 1.000 1.000 0.846 0.460
Limit: 0.000 0.000 0.000 0.000 0.680 0.905 0.000 0.000 0.000
10.373373
AVG: 8.403 6.737 4.598 6.570 17.952 35.006 25.875 5.627 8.231
Reg: 0.421 0.597 0.362 0.457 0.860 1.000 0.625 0.343 0.493
Pac: 0.232 0.486 0.320 0.263 0.432 0.394 0.429 0.273 0.370
Che: 0.452 0.474 0.385 0.353 0.499 0.993 0.993 0.313 0.334
Pay: 0.704 0.449 0.728 0.891 0.638 0.858 1.628 0.648 0.537
Limit: 0.000 0.000 0.000 0.000 0.333 1.000 0.625 0.000 0.000
13.409065
AVG: 7.919 5.981 4.261 8.051 16.451 22.760 28.158 22.974 5.623
Reg: 0.506 0.526 0.447 0.689 1.314 1.241 0.731 0.368 0.444
Pac: 0.278 0.433 0.281 0.420 0.513 0.531 0.345 0.207 0.276
Che: 0.652 0.518 0.450 0.547 1.000 1.000 0.667 0.608 0.373
Pay: 0.767 0.530 0.566 1.016 0.925 1.319 1.016 0.981 0.425
Limit: 0.000 0.000 0.000 0.000 0.185 0.769 0.947 0.630 0.000
14.140797
AVG: 6.964 6.392 4.541 8.397 0.000 0.000 12.900 7.048 6.628
Reg: 0.422 0.526 0.445 0.515 0.717 0.825 0.416 0.343 0.557
Pac: 0.256 0.302 0.329 0.445 0.403 0.380 0.223 0.202 0.515
Che: 0.468 0.342 0.551 0.505 0.704 0.899 0.455 0.334 0.613
Pay: 0.774 0.563 0.555 0.759 0.000 0.000 0.986 1.968 0.466
Limit: 0.000 0.000 0.000 0.000 0.000 0.000 0.115 0.000 0.000
7.395246
AVG: 8.520 6.429 6.151 9.222 12.568 12.686 7.679 5.829 6.557
Reg: 0.453 0.643 0.645 0.745 0.683 0.910 0.388 0.317 0.471
Pac: 0.285 0.421 0.496 0.426 0.390 0.258 0.220 0.229 0.405
Che: 0.493 0.409 0.674 0.616 0.613 0.897 0.512 0.361 0.454
Pay: 0.614 0.357 0.712 1.068 0.515 0.706 0.816 0.647 0.470
Limit: 0.000 0.028 0.000 0.000 0.111 0.056 0.000 0.000 0.000
7.935660
AVG: 8.541 5.254 4.711 7.920 8.933 14.654 7.979 4.384 9.265
Reg: 0.356 0.327 0.436 0.639 1.136 1.213 0.449 0.332 0.669
Pac: 0.178 0.322 0.481 0.370 0.349 0.462 0.278 0.212 0.530
Che: 0.406 0.351 0.553 0.458 0.703 0.960 0.636 0.275 0.405
Pay: 0.708 0.263 0.865 0.886 0.940 0.937 1.264 0.618 0.175
Limit: 0.000 0.000 0.000 0.000 0.000 0.231 0.000 0.000 0.045
7.786360
AVG: 9.430 8.351 5.427 9.837 18.702 23.928 9.057 5.712 7.912
Reg: 0.608 0.490 0.467 0.850 0.979 0.883 0.397 0.448 0.417
Pac: 0.289 0.406 0.423 0.442 0.389 0.273 0.252 0.300 0.386
Che: 0.585 0.601 0.628 0.461 0.987 0.867 0.459 0.450 0.438
Pay: 0.537 0.705 0.731 0.939 1.000 1.000 0.905 0.740 0.327
Limit: 0.000 0.000 0.000 0.000 0.458 0.688 0.188 0.000 0.000
10.526325
AVG: 7.414 5.215 0.000 4.797 8.860 12.047 9.346 4.960 10.805
Reg: 0.494 0.407 0.500 0.922 1.134 0.591 0.473 0.470 0.512
Pac: 0.243 0.328 0.334 0.428 0.424 0.222 0.344 0.277 0.479
Che: 0.626 0.389 0.624 0.593 0.946 0.464 0.660 0.475 0.392
Pay: 0.849 0.410 0.000 1.000 1.000 1.871 0.995 0.914 0.330
Limit: 0.000 0.000 0.000 0.000 0.000 0.156 0.048 0.000 0.000
7.757858
AVG: 9.702 4.882 4.908 6.671 15.673 25.469 18.793 5.394 7.217
Reg: 0.572 0.372 0.546 0.522 1.000 1.000 0.737 0.372 0.615
Pac: 0.352 0.384 0.395 0.356 0.334 0.184 0.482 0.264 0.504
Che: 0.615 0.374 0.599 0.486 0.664 0.611 0.872 0.417 0.358
Pay: 0.713 0.374 0.847 1.042 0.592 0.599 1.073 0.601 0.469
Limit: 0.000 0.000 0.000 0.000 0.250 0.588 0.434 0.000 0.000
10.375564
AVG: 13.082 7.369 5.087 9.465 10.859 19.576 6.598 4.723 8.285
Reg: 0.603 0.367 0.394 0.705 0.960 0.844 0.452 0.462 0.531
Pac: 0.317 0.276 0.484 0.337 0.329 0.417 0.244 0.292 0.460
Che: 0.831 0.358 0.569 0.449 1.111 0.774 0.478 0.408 0.372
Pay: 0.801 0.580 0.824 1.232 0.910 0.533 0.743 0.983 0.422
Limit: 0.071 0.023 0.000 0.037 0.000 0.417 0.000 0.000 0.000
8.585935
AVG: 11.623 5.914 5.133 10.554 8.726 13.516 7.936 5.517 7.669
Reg: 0.696 0.479 0.496 0.721 0.598 0.914 0.438 0.466 0.334
Pac: 0.338 0.372 0.357 0.385 0.356 0.320 0.300 0.316 0.234
Che: 0.633 0.367 0.580 0.515 0.694 0.721 0.592 0.464 0.341
Pay: 0.735 0.519 0.825 0.743 0.824 0.596 0.817 0.695 0.354
Limit: 0.059 0.000 0.000 0.034 0.000 0.048 0.000 0.000 0.000
7.875061
AVG: 7.159 5.491 4.512 9.440 12.502 19.265 25.068 24.619 14.052
Reg: 0.261 0.539 0.337 0.863 0.925 1.000 0.500 0.500 0.569
Pac: 0.207 0.371 0.335 0.376 0.310 0.466 0.284 0.299 0.501
Che: 0.329 0.516 0.402 0.490 0.789 0.883 0.564 0.506 0.537
Pay: 0.404 0.375 0.595 0.996 0.777 0.859 1.115 0.814 0.567
Limit: 0.000 0.000 0.000 0.036 0.160 0.407 0.750 0.806 0.103
14.195552
AVG: 8.115 5.078 5.749 7.085 0.000 0.000 12.910 8.792 5.784
Reg: 0.619 0.341 0.498 0.499 0.536 0.666 0.446 0.302 0.405
Pac: 0.274 0.236 0.439 0.375 0.472 0.296 0.323 0.337 0.368
Che: 0.556 0.408 0.646 0.446 0.892 0.539 0.633 0.439 0.413
Pay: 0.766 0.353 0.744 0.543 0.000 0.000 0.935 1.954 0.720
Limit: 0.000 0.000 0.000 0.000 0.000 0.000 0.182 0.000 0.000
7.335868
AVG: 6.883 6.558 5.031 7.833 10.100 9.568 7.532 4.588 8.814
Reg: 0.394 0.488 0.405 0.610 0.923 0.629 0.518 0.295 0.705
Pac: 0.170 0.687 0.350 0.349 0.441 0.245 0.361 0.267 0.400
Che: 0.414 0.506 0.580 0.572 0.880 0.646 0.738 0.344 0.465
Pay: 0.658 0.441 0.731 0.698 1.000 1.000 0.974 0.834 0.423
Limit: 0.000 0.022 0.000 0.000 0.000 0.083 0.000 0.000 0.065
7.281043
AVG: 7.644 4.662 5.215 8.592 9.462 14.576 20.840 19.190 7.896
Reg: 0.401 0.414 0.461 0.667 0.829 0.977 0.500 0.478 0.762
Pac: 0.216 0.289 0.387 0.337 0.327 0.503 0.283 0.352 0.512
Che: 0.383 0.344 0.510 0.470 0.610 0.862 0.644 0.424 0.658
Pay: 0.506 0.555 0.805 0.931 0.705 0.494 1.260 0.933 0.462
Limit: 0.000 0.000 0.000 0.000 0.000 0.125 0.611 0.525 0.038
11.107371
AVG: 8.505 7.212 4.407 9.541 12.285 24.629 10.289 8.854 13.082
Reg: 0.577 0.479 0.449 0.866 0.988 1.000 0.366 0.427 0.500
Pac: 0.264 0.348 0.368 0.395 0.555 0.511 0.289 0.185 0.297
Che: 0.612 0.441 0.488 0.648 0.902 0.818 0.722 0.315 0.380
Pay: 0.726 0.652 0.804 0.758 1.000 1.000 0.918 0.602 0.404
Limit: 0.000 0.000 0.000 0.000 0.132 0.917 0.191 0.000 0.043
10.551131
AVG: 6.659 5.932 4.657 8.142 13.911 11.520 37.977 39.917 26.641
Reg: 0.469 0.373 0.312 0.635 0.977 0.793 0.500 0.500 0.832
Pac: 0.276 0.279 0.195 0.330 0.491 0.301 0.250 0.376 0.708
Che: 0.500 0.330 0.284 0.485 0.886 0.648 0.408 0.419 0.915
Pay: 0.587 0.329 0.507 0.831 0.852 0.385 0.779 0.925 0.631
Limit: 0.000 0.000 0.000 0.000 0.115 0.059 1.000 1.000 0.704
19.254415
AVG: 9.963 5.926 4.560 6.716 29.650 50.766 52.587 27.114 6.249
Reg: 0.562 0.295 0.446 0.576 1.185 0.688 0.500 0.500 0.264
Pac: 0.365 0.276 0.470 0.270 0.446 0.318 0.394 0.245 0.306
Che: 0.569 0.327 0.491 0.437 0.493 0.500 1.227 0.474 0.250
Pay: 0.595 0.515 0.888 0.994 0.499 0.559 0.890 1.602 0.452
Limit: 0.000 0.000 0.000 0.000 0.643 1.000 1.000 0.608 0.000
19.827448
AVG: 7.743 5.296 4.340 7.011 14.203 17.729 7.001 7.397 6.409
Reg: 0.405 0.369 0.428 0.665 0.972 0.725 0.403 0.464 0.403
Pac: 0.235 0.368 0.380 0.383 0.325 0.490 0.337 0.232 0.468
Che: 0.505 0.479 0.513 0.515 0.604 0.874 0.601 0.473 0.379
Pay: 0.573 0.500 0.812 0.913 0.882 0.692 0.759 0.650 0.476
Limit: 0.000 0.000 0.000 0.000 0.143 0.375 0.000 0.000 0.000
8.093950
AVG: 7.547 6.887 4.809 10.004 11.849 11.093 17.766 11.308 7.316
Reg: 0.410 0.268 0.404 0.809 1.343 0.874 0.500 0.449 0.482
Pac: 0.247 0.443 0.375 0.493 0.687 0.321 0.213 0.323 0.313
Che: 0.649 0.319 0.504 0.537 1.196 0.886 0.424 0.392 0.423
Pay: 0.719 0.441 0.703 0.884 1.202 0.778 0.499 0.849 0.405
Limit: 0.000 0.026 0.000 0.000 0.026 0.000 0.292 0.189 0.000
9.640517
AVG: 5.998 4.782 4.221 7.350 19.115 31.813 19.714 4.376 6.148
Reg: 0.344 0.471 0.307 0.561 0.534 1.000 0.620 0.406 0.461
Pac: 0.158 0.260 0.307 0.457 0.434 0.313 0.393 0.232 0.399
Che: 0.499 0.294 0.368 0.390 0.500 0.863 0.654 0.335 0.495
Pay: 0.485 0.334 0.602 0.758 0.601 0.834 1.218 0.765 0.373
Limit: 0.000 0.000 0.000 0.000 0.444 0.923 0.636 0.000 0.000
11.469412
AVG: 6.384 4.863 5.168 8.335 9.759 7.577 6.626 5.246 10.118
Reg: 0.355 0.414 0.458 0.539 0.752 0.594 0.516 0.372 0.490
Pac: 0.255 0.313 0.299 0.360 0.347 0.304 0.384 0.275 0.660
Che: 0.546 0.331 0.351 0.560 0.941 0.632 0.557 0.353 0.624
Pay: 0.859 0.423 0.804 1.049 1.271 0.943 0.937 1.074 0.592
Limit: 0.000 0.000 0.000 0.000 0.000 0.000 0.000 0.000 0.000
7.005045
AVG: 7.532 6.129 5.006 8.897 11.514 10.056 5.997 3.945 7.124
Reg: 0.517 0.617 0.609 0.706 0.856 0.696 0.305 0.308 0.390
Pac: 0.247 0.467 0.387 0.561 0.383 0.197 0.308 0.187 0.223
Che: 0.479 0.620 0.688 0.575 0.673 0.584 0.499 0.334 0.318
Pay: 0.628 0.431 0.946 0.957 1.000 1.000 0.768 0.778 0.243
Limit: 0.000 0.000 0.000 0.000 0.042 0.045 0.000 0.000 0.000
6.897296
AVG: 8.496 5.486 5.912 7.737 26.584 29.578 7.162 4.923 8.646
Reg: 0.387 0.361 0.501 0.676 1.052 0.655 0.428 0.385 0.617
Pac: 0.311 0.347 0.482 0.343 0.557 0.251 0.276 0.241 0.454
Che: 0.703 0.287 0.589 0.430 0.500 0.989 0.738 0.359 0.456
Pay: 0.863 0.474 0.897 1.288 0.640 0.838 1.207 0.726 0.395
Limit: 0.000 0.000 0.000 0.000 0.706 0.826 0.043 0.000 0.000
10.072504
AVG: 10.052 5.501 4.614 8.392 8.730 0.000 21.023 8.685 8.060
Reg: 0.544 0.599 0.434 0.725 0.785 0.975 0.437 0.444 0.331
Pac: 0.289 0.414 0.419 0.490 0.220 0.509 0.308 0.287 0.282
Che: 0.455 0.466 0.509 0.602 0.555 0.845 0.562 0.575 0.245
Pay: 0.459 0.329 0.696 1.106 0.616 0.000 0.988 1.741 0.276
Limit: 0.000 0.000 0.000 0.000 0.000 0.000 0.520 0.000 0.000
8.862217
AVG: 9.585 6.427 5.037 5.582 10.891 20.790 12.674 5.455 7.275
Reg: 0.647 0.345 0.524 0.438 0.909 1.000 0.715 0.555 0.558
Pac: 0.323 0.322 0.424 0.425 0.325 0.343 0.381 0.344 0.319
Che: 0.697 0.331 0.661 0.460 0.606 0.645 0.604 0.392 0.325
Pay: 0.805 0.779 0.931 1.582 0.958 0.456 0.803 0.932 0.424
Limit: 0.059 0.023 0.000 0.000 0.000 0.562 0.293 0.000 0.000
8.363481
AVG: 8.110 5.889 4.740 8.462 11.913 12.841 12.329 4.730 7.221
Reg: 0.608 0.462 0.517 0.709 0.838 0.924 0.466 0.450 0.564
Pac: 0.187 0.394 0.341 0.395 0.391 0.248 0.326 0.276 0.406
Che: 0.458 0.409 0.475 0.505 0.775 0.784 0.449 0.438 0.511
Pay: 0.535 0.497 0.702 0.682 1.000 0.674 0.850 0.631 0.421
Limit: 0.000 0.000 0.000 0.000 0.069 0.000 0.167 0.000 0.000
8.349136
AVG: 9.093 6.365 5.598 7.871 11.371 11.784 15.623 14.407 17.466
Reg: 0.768 0.571 0.421 0.540 0.866 0.938 0.500 0.500 0.500
Pac: 0.271 0.389 0.243 0.343 0.473 0.382 0.307 0.312 0.341
Che: 0.756 0.416 0.436 0.470 0.668 0.790 0.553 0.513 0.393
Pay: 0.825 0.763 0.618 0.741 0.810 0.888 0.889 0.761 0.485
Limit: 0.000 0.000 0.000 0.000 0.077 0.000 0.100 0.025 0.308
12.065662
AVG: 9.010 6.286 4.795 8.994 12.634 8.615 32.222 28.617 12.408
Reg: 0.613 0.328 0.423 0.746 0.694 0.732 0.500 0.500 0.485
Pac: 0.173 0.474 0.282 0.426 0.404 0.297 0.383 0.418 0.341
Che: 0.435 0.423 0.388 0.631 0.999 0.501 0.471 0.581 0.391
Pay: 0.734 0.556 0.595 0.934 1.000 0.561 0.546 0.862 0.694
Limit: 0.000 0.000 0.000 0.030 0.080 0.000 0.963 0.860 0.061
14.489679
AVG: 5.439 8.090 5.258 8.681 8.311 19.232 27.335 18.233 13.157
Reg: 0.452 0.525 0.507 0.714 0.628 0.998 0.500 0.500 0.498
Pac: 0.236 0.410 0.497 0.432 0.355 0.392 0.359 0.274 0.305
Che: 0.417 0.500 0.577 0.625 0.624 0.836 0.574 0.409 0.457
Pay: 0.770 0.738 0.619 1.222 0.827 0.691 0.868 0.914 0.442
Limit: 0.000 0.021 0.000 0.030 0.000 0.476 0.958 0.179 0.034
12.590926
AVG: 6.538 5.152 5.954 7.262 13.062 33.174 18.642 5.611 17.221
Reg: 0.502 0.457 0.540 0.642 0.917 1.000 0.478 0.401 0.472
Pac: 0.189 0.347 0.405 0.381 0.247 0.546 0.395 0.246 0.309
Che: 0.547 0.370 0.717 0.481 0.634 0.852 0.695 0.393 0.312
Pay: 0.690 0.553 0.837 1.188 0.699 0.751 1.181 0.358 0.254
Limit: 0.000 0.000 0.000 0.000 0.250 1.000 0.341 0.000 0.381
12.974531
AVG: 5.895 7.146 4.648 9.857 9.781 14.177 11.024 4.580 6.245
Reg: 0.461 0.559 0.347 0.684 0.560 1.000 0.714 0.342 0.353
Pac: 0.173 0.386 0.251 0.505 0.284 0.264 0.372 0.219 0.303
Che: 0.385 0.413 0.379 0.572 0.674 0.669 0.735 0.409 0.404
Pay: 0.689 0.585 0.634 0.715 0.357 0.662 1.094 0.757 0.345
Limit: 0.000 0.000 0.000 0.000 0.000 0.118 0.000 0.000 0.000
8.031440
AVG: 9.091 5.900 4.989 6.486 8.909 12.712 13.223 7.306 10.964
Reg: 0.412 0.537 0.468 0.496 0.793 0.961 0.435 0.378 0.561
Pac: 0.362 0.466 0.283 0.441 0.338 0.395 0.377 0.144 0.422
Che: 0.500 0.549 0.426 0.538 0.742 0.892 0.696 0.332 0.414
Pay: 0.601 0.666 0.558 0.914 0.929 0.635 0.838 0.682 0.360
Limit: 0.000 0.000 0.000 0.000 0.029 0.111 0.205 0.000 0.042
8.659449
AVG: 6.178 4.876 4.719 7.406 10.662 13.880 7.556 5.795 7.998
Reg: 0.392 0.542 0.340 0.763 0.834 0.783 0.330 0.380 0.378
Pac: 0.146 0.369 0.392 0.396 0.442 0.289 0.295 0.197 0.313
Che: 0.423 0.538 0.438 0.497 0.733 0.868 0.482 0.312 0.260
Pay: 0.539 0.499 0.630 0.943 0.904 0.841 1.052 0.797 0.411
Limit: 0.000 0.000 0.000 0.000 0.065 0.222 0.000 0.000 0.000
7.154862
AVG: 8.135 5.732 4.273 8.057 10.624 13.319 9.666 4.738 7.160
Reg: 0.511 0.285 0.384 0.640 1.290 0.612 0.486 0.415 0.411
Pac: 0.206 0.350 0.391 0.470 0.483 0.391 0.385 0.296 0.264
Che: 0.623 0.351 0.587 0.623 0.985 0.641 0.734 0.391 0.218
Pay: 0.769 0.412 0.888 0.913 1.000 1.000 1.398 0.700 0.310
Limit: 0.000 0.000 0.000 0.000 0.000 0.067 0.109 0.000 0.000
7.846079
AVG: 9.245 5.545 4.676 8.400 11.633 10.434 19.298 6.259 7.441
Reg: 0.428 0.476 0.398 0.800 0.793 0.864 0.500 0.503 0.563
Pac: 0.211 0.390 0.394 0.360 0.378 0.273 0.260 0.325 0.480
Che: 0.454 0.549 0.608 0.556 0.894 0.781 0.658 0.442 0.500
Pay: 0.535 0.690 0.649 1.341 0.770 0.932 1.011 0.734 0.694
Limit: 0.000 0.000 0.000 0.000 0.050 0.095 0.465 0.000 0.000
9.093641
AVG: 6.624 5.845 5.100 8.308 12.583 10.570 11.125 5.208 8.207
Reg: 0.394 0.421 0.473 0.782 0.828 0.829 0.415 0.517 0.456
Pac: 0.230 0.345 0.411 0.325 0.325 0.416 0.380 0.236 0.492
Che: 0.460 0.404 0.549 0.406 0.897 0.595 0.788 0.331 0.338
Pay: 0.883 0.560 0.686 0.785 0.818 0.623 1.131 0.746 0.435
Limit: 0.000 0.000 0.000 0.000 0.040 0.000 0.152 0.000 0.000
8.099881
AVG: 10.630 8.607 4.669 8.153 8.561 22.430 9.858 6.372 6.753
Reg: 0.711 0.461 0.409 0.509 0.791 1.000 0.472 0.354 0.522
Pac: 0.347 0.421 0.483 0.263 0.217 0.477 0.298 0.300 0.304
Che: 0.669 0.530 0.684 0.360 0.395 0.786 0.578 0.391 0.351
Pay: 0.704 0.671 0.804 0.704 0.678 0.640 0.768 0.905 0.363
Limit: 0.000 0.061 0.000 0.000 0.000 0.571 0.083 0.000 0.000
8.850787
AVG: 8.056 5.565 4.376 8.342 10.012 13.608 9.492 4.891 13.474
Reg: 0.405 0.392 0.374 0.805 0.707 1.000 0.382 0.296 0.393
Pac: 0.261 0.247 0.352 0.527 0.328 0.430 0.261 0.205 0.271
Che: 0.600 0.365 0.472 0.613 0.523 0.647 0.494 0.256 0.282
Pay: 0.762 0.546 0.562 1.296 0.700 0.759 0.854 0.337 0.355
Limit: 0.000 0.000 0.000 0.000 0.048 0.100 0.111 0.000 0.333
8.651722
AVG: 8.131 5.992 4.843 7.516 0.000 0.000 9.457 13.730 5.609
Reg: 0.682 0.370 0.514 0.618 0.659 0.941 0.654 0.339 0.494
Pac: 0.355 0.327 0.437 0.343 0.338 0.526 0.345 0.221 0.395
Che: 0.635 0.444 0.609 0.602 0.731 0.710 0.676 0.301 0.450
Pay: 0.768 0.460 0.479 1.212 0.000 0.000 0.960 1.991 0.722
Limit: 0.000 0.000 0.000 0.000 0.000 0.000 0.000 0.217 0.000
8.310761
AVG: 8.158 5.678 4.923 7.475 12.731 17.187 9.689 5.640 8.296
Reg: 0.356 0.612 0.546 0.805 0.764 0.965 0.607 0.383 0.267
Pac: 0.201 0.380 0.428 0.439 0.192 0.472 0.428 0.190 0.379
Che: 0.511 0.449 0.647 0.534 0.536 0.862 0.869 0.333 0.354
Pay: 0.629 0.478 0.924 0.953 0.739 0.616 1.796 0.891 0.304
Limit: 0.000 0.000 0.000 0.000 0.000 0.158 0.089 0.000 0.000
8.244226
AVG: 8.731 6.803 4.469 8.420 14.778 16.169 8.504 10.751 10.680
Reg: 0.716 0.360 0.425 0.667 0.849 1.000 0.429 0.487 0.374
Pac: 0.277 0.343 0.295 0.357 0.377 0.445 0.258 0.252 0.343
Che: 0.562 0.551 0.523 0.458 0.756 0.644 0.712 0.315 0.372
Pay: 0.666 0.570 0.476 0.794 0.773 0.871 1.100 0.560 0.314
Limit: 0.000 0.000 0.000 0.000 0.250 0.238 0.067 0.000 0.000
9.498780
AVG: 9.523 6.939 5.385 7.557 0.000 6.725 5.550 5.547 7.683
Reg: 0.611 0.343 0.628 0.513 0.725 1.052 0.351 0.365 0.630
Pac: 0.319 0.362 0.462 0.405 0.357 0.269 0.271 0.297 0.410
Che: 0.727 0.447 0.565 0.424 0.720 0.642 0.468 0.365 0.405
Pay: 0.764 0.447 0.764 0.909 0.000 0.981 1.207 0.672 0.266
Limit: 0.000 0.000 0.000 0.000 0.000 0.000 0.000 0.000 0.000
6.880462
AVG: 7.727 5.929 5.410 7.385 10.928 13.658 8.432 5.722 7.056
Reg: 0.464 0.530 0.335 0.510 0.732 0.789 0.539 0.544 0.490
Pac: 0.238 0.450 0.338 0.461 0.213 0.397 0.253 0.331 0.331
Che: 0.538 0.393 0.482 0.453 0.586 0.741 0.650 0.461 0.334
Pay: 0.809 0.430 0.695 0.598 0.727 0.612 0.755 0.655 0.415
Limit: 0.000 0.000 0.000 0.000 0.000 0.190 0.000 0.000 0.000
7.652638
AVG: 8.344 6.213 4.726 7.758 11.465 10.148 8.822 5.195 6.861
Reg: 0.712 0.326 0.514 0.632 1.054 1.291 0.536 0.388 0.451
Pac: 0.294 0.260 0.399 0.436 0.308 0.336 0.338 0.224 0.276
Che: 0.594 0.498 0.555 0.628 0.829 0.738 0.625 0.306 0.394
Pay: 0.822 0.552 0.907 0.889 0.853 0.906 1.030 0.789 0.157
Limit: 0.000 0.000 0.000 0.000 0.042 0.000 0.023 0.000 0.000
7.469815
AVG: 6.384 7.244 4.688 9.453 12.677 17.867 9.895 5.014 7.019
Reg: 0.541 0.460 0.425 0.790 0.664 1.000 0.445 0.479 0.324
Pac: 0.241 0.574 0.376 0.505 0.358 0.395 0.333 0.333 0.383
Che: 0.434 0.406 0.500 0.577 0.728 0.627 0.603 0.416 0.473
Pay: 0.748 0.487 0.573 0.822 1.000 0.497 0.959 0.762 0.469
Limit: 0.000 0.022 0.000 0.000 0.045 0.375 0.167 0.000 0.000
8.500206
AVG: 7.862 6.534 4.288 6.943 13.821 19.675 11.354 18.108 5.955
Reg: 0.592 0.544 0.423 0.609 0.806 0.947 0.443 0.496 0.459
Pac: 0.287 0.387 0.367 0.409 0.329 0.370 0.190 0.426 0.414
Che: 0.483 0.354 0.483 0.689 0.594 1.067 0.388 0.520 0.422
Pay: 0.837 0.485 0.691 1.126 0.421 0.566 0.508 0.992 0.759
Limit: 0.000 0.000 0.000 0.000 0.200 0.536 0.120 0.556 0.000
10.090477
AVG: 10.959 5.416 5.932 8.886 0.000 0.000 10.724 9.280 5.723
Reg: 0.567 0.442 0.504 0.663 0.543 0.883 0.309 0.416 0.560
Pac: 0.273 0.274 0.368 0.426 0.373 0.321 0.228 0.297 0.386
Che: 0.699 0.289 0.530 0.497 0.778 0.912 0.449 0.392 0.360
Pay: 0.649 0.339 0.523 1.039 0.000 0.000 0.907 1.980 0.932
Limit: 0.091 0.000 0.000 0.000 0.000 0.000 0.000 0.096 0.000
7.693297
AVG: 7.771 7.448 5.693 6.024 11.435 13.525 14.054 4.338 16.450
Reg: 0.562 0.383 0.381 0.540 0.873 0.910 0.401 0.344 0.500
Pac: 0.371 0.403 0.430 0.245 0.506 0.297 0.359 0.230 0.371
Che: 0.687 0.572 0.555 0.407 0.671 0.696 0.620 0.251 0.338
Pay: 0.605 0.696 0.795 0.762 0.792 0.579 0.963 0.732 0.379
Limit: 0.000 0.041 0.000 0.000 0.000 0.100 0.237 0.000 0.087
9.755313
AVG: 8.337 5.091 4.519 6.882 19.537 32.010 18.534 4.357 7.546
Reg: 0.508 0.433 0.499 0.559 1.000 1.000 0.375 0.226 0.579
Pac: 0.203 0.309 0.383 0.377 0.285 0.486 0.323 0.130 0.365
Che: 0.597 0.375 0.550 0.512 0.683 1.000 0.593 0.230 0.305
Pay: 0.489 0.408 0.777 0.898 0.769 0.817 1.501 0.515 0.277
Limit: 0.000 0.000 0.000 0.000 0.450 1.000 0.432 0.000 0.000
11.621553
AVG: 8.687 6.606 5.442 9.658 9.133 10.575 18.143 5.337 9.798
Reg: 0.489 0.344 0.452 0.769 0.650 0.853 0.646 0.586 0.480
Pac: 0.140 0.409 0.367 0.434 0.364 0.325 0.351 0.288 0.518
Che: 0.483 0.369 0.509 0.547 0.608 0.634 0.651 0.392 0.460
Pay: 0.452 0.636 0.727 1.151 0.545 0.579 0.791 0.874 0.507
Limit: 0.000 0.000 0.000 0.000 0.000 0.053 0.526 0.000 0.000
9.116998
AVG: 9.366 6.001 0.000 4.778 12.257 7.436 7.819 7.903 9.238
Reg: 0.677 0.581 0.490 0.670 1.033 0.703 0.376 0.480 0.729
Pac: 0.284 0.422 0.458 0.503 0.514 0.267 0.193 0.251 0.429
Che: 0.730 0.384 0.504 0.668 1.321 0.828 0.469 0.399 0.486
Pay: 0.775 0.468 0.000 0.998 1.000 1.000 1.961 1.146 0.355
Limit: 0.000 0.000 0.000 0.000 0.000 0.000 0.000 0.000 0.000
7.683400
AVG: 9.906 4.958 4.758 9.932 15.019 21.260 10.289 6.112 8.114
Reg: 0.501 0.452 0.328 0.874 0.749 0.932 0.404 0.387 0.407
Pac: 0.247 0.368 0.379 0.548 0.467 0.489 0.288 0.294 0.204
Che: 0.326 0.404 0.477 0.576 0.888 0.891 0.661 0.515 0.325
Pay: 0.568 0.331 0.945 0.812 0.921 0.850 0.988 0.902 0.299
Limit: 0.000 0.000 0.000 0.000 0.152 0.667 0.125 0.000 0.000
9.636951
AVG: 8.339 5.219 4.755 7.133 11.783 11.236 7.951 3.909 7.569
Reg: 0.487 0.363 0.331 0.450 0.627 0.790 0.424 0.330 0.606
Pac: 0.269 0.414 0.340 0.216 0.242 0.361 0.282 0.219 0.404
Che: 0.579 0.386 0.383 0.399 0.294 0.717 0.543 0.245 0.429
Pay: 0.745 0.509 0.452 0.696 0.314 0.744 0.897 0.464 0.370
Limit: 0.000 0.000 0.000 0.000 0.000 0.000 0.000 0.000 0.000
7.006698
AVG: 6.560 6.333 4.287 8.430 8.732 7.756 6.145 4.639 8.012
Reg: 0.370 0.669 0.448 0.661 0.851 0.961 0.495 0.321 0.712
Pac: 0.204 0.374 0.355 0.436 0.372 0.417 0.278 0.273 0.381
Che: 0.390 0.490 0.568 0.568 0.863 0.960 0.647 0.380 0.468
Pay: 0.536 0.553 0.807 1.177 0.795 0.484 1.072 0.611 0.594
Limit: 0.000 0.000 0.000 0.000 0.000 0.000 0.000 0.000 0.000
6.756576
AVG: 7.010 4.907 4.817 8.350 11.873 15.339 8.978 6.105 6.540
Reg: 0.461 0.506 0.338 0.669 1.189 0.768 0.542 0.400 0.417
Pac: 0.283 0.397 0.231 0.442 0.621 0.320 0.337 0.313 0.308
Che: 0.551 0.522 0.320 0.528 0.935 0.963 0.635 0.419 0.354
Pay: 0.732 0.592 0.684 0.765 0.773 0.635 1.015 0.639 0.357
Limit: 0.000 0.000 0.000 0.000 0.045 0.174 0.022 0.000 0.000
7.919092
AVG: 10.300 5.889 5.033 15.235 19.611 11.202 7.347 7.319 9.762
Reg: 0.692 0.378 0.384 0.943 0.565 0.894 0.440 0.471 0.494
Pac: 0.179 0.389 0.386 0.390 0.227 0.299 0.255 0.285 0.547
Che: 0.624 0.355 0.516 0.417 0.773 0.641 0.628 0.469 0.433
Pay: 0.777 0.447 0.976 0.611 0.883 0.852 1.001 0.833 0.333
Limit: 0.000 0.000 0.000 0.333 0.571 0.000 0.000 0.023 0.000
9.401999
AVG: 15.453 12.347 4.280 6.898 9.913 13.544 8.547 6.501 6.552
Reg: 0.936 0.428 0.298 0.458 0.705 0.625 0.350 0.419 0.464
Pac: 0.427 0.435 0.361 0.337 0.559 0.252 0.315 0.276 0.455
Che: 0.702 0.607 0.462 0.433 0.748 0.760 0.526 0.358 0.607
Pay: 0.807 0.725 0.869 0.684 1.000 0.903 0.951 0.805 0.689
Limit: 0.158 0.241 0.000 0.000 0.000 0.136 0.000 0.000 0.000
9.091430
AVG: 8.166 4.711 0.000 5.207 10.882 10.262 10.391 6.144 6.988
Reg: 0.574 0.369 0.547 0.782 1.118 0.646 0.393 0.526 0.305
Pac: 0.223 0.296 0.417 0.453 0.423 0.419 0.379 0.272 0.390
Che: 0.552 0.331 0.578 0.577 0.804 0.637 0.766 0.431 0.414
Pay: 0.533 0.375 0.000 0.984 1.000 1.415 0.991 0.867 0.315
Limit: 0.000 0.000 0.000 0.000 0.000 0.070 0.067 0.000 0.000
7.572828
AVG: 9.088 5.507 5.313 8.904 12.883 12.778 6.287 4.896 6.352
Reg: 0.409 0.381 0.523 0.843 0.684 0.911 0.419 0.499 0.482
Pac: 0.198 0.240 0.440 0.519 0.444 0.237 0.268 0.278 0.359
Che: 0.551 0.313 0.649 0.632 0.981 0.636 0.543 0.449 0.471
Pay: 0.604 0.198 0.979 0.811 0.899 0.645 0.908 0.927 0.390
Limit: 0.000 0.000 0.000 0.000 0.034 0.045 0.051 0.000 0.000
7.611411
AVG: 8.691 4.885 4.781 6.854 8.643 14.267 8.454 4.839 8.039
Reg: 0.524 0.283 0.462 0.522 0.839 1.000 0.511 0.300 0.393
Pac: 0.243 0.258 0.369 0.389 0.371 0.504 0.247 0.214 0.374
Che: 0.498 0.358 0.481 0.554 0.730 0.911 0.521 0.254 0.324
Pay: 0.469 0.292 0.514 1.210 0.791 0.836 0.835 0.483 0.308
Limit: 0.000 0.000 0.000 0.000 0.000 0.185 0.059 0.000 0.000
7.592019
AVG: 8.190 5.405 4.662 9.520 7.886 9.534 8.520 4.935 8.259
Reg: 0.542 0.378 0.579 0.660 0.587 0.952 0.292 0.482 0.365
Pac: 0.282 0.320 0.368 0.362 0.388 0.438 0.191 0.319 0.466
Che: 0.510 0.317 0.546 0.536 0.873 0.887 0.395 0.340 0.567
Pay: 0.814 0.367 0.863 0.657 1.000 1.000 1.091 0.722 0.433
Limit: 0.000 0.000 0.000 0.000 0.000 0.000 0.028 0.000 0.000
7.034893
AVG: 7.069 5.558 5.329 9.804 10.802 0.000 7.762 16.431 17.426
Reg: 0.471 0.443 0.407 0.855 0.777 0.758 0.428 0.500 0.823
Pac: 0.309 0.335 0.416 0.430 0.373 0.349 0.183 0.186 0.724
Che: 0.540 0.354 0.478 0.386 1.038 0.624 0.435 0.291 0.623
Pay: 0.857 0.530 0.760 0.786 0.834 0.000 0.985 0.964 0.591
Limit: 0.000 0.000 0.000 0.000 0.036 0.000 0.000 0.425 0.350
10.435567
AVG: 6.608 5.106 5.012 6.702 11.735 9.116 4.568 4.771 9.247
Reg: 0.417 0.402 0.472 0.493 0.863 1.001 0.298 0.362 0.569
Pac: 0.253 0.396 0.357 0.268 0.535 0.386 0.226 0.259 0.197
Che: 0.575 0.468 0.623 0.449 0.666 0.789 0.430 0.344 0.278
Pay: 0.587 0.353 0.707 0.739 0.878 1.155 0.617 0.761 0.337
Limit: 0.000 0.000 0.000 0.000 0.043 0.000 0.000 0.000 0.000
6.613975
AVG: 8.003 4.587 4.855 8.814 11.727 18.528 9.213 3.804 7.152
Reg: 0.419 0.308 0.334 0.757 1.081 0.743 0.407 0.386 0.403
Pac: 0.185 0.264 0.321 0.378 0.491 0.371 0.259 0.194 0.450
Che: 0.390 0.253 0.362 0.490 1.002 1.000 0.483 0.344 0.441
Pay: 0.446 0.320 0.587 0.708 1.118 1.225 1.098 0.598 0.287
Limit: 0.000 0.000 0.000 0.000 0.038 0.458 0.000 0.000 0.000
8.358005
AVG: 10.005 5.562 4.376 7.762 9.895 17.483 23.614 11.511 9.512
Reg: 0.587 0.501 0.338 0.620 0.633 0.968 0.734 0.288 0.600
Pac: 0.315 0.348 0.379 0.332 0.273 0.495 0.437 0.291 0.498
Che: 0.403 0.459 0.527 0.672 0.768 0.913 0.762 0.455 0.446
Pay: 0.439 0.522 0.721 0.814 0.962 0.679 0.864 1.248 0.551
Limit: 0.000 0.024 0.000 0.000 0.000 0.261 0.710 0.019 0.000
10.776375
AVG: 9.903 4.840 6.628 6.518 11.329 13.639 16.230 4.990 8.352
Reg: 0.368 0.371 0.515 0.516 0.519 0.962 0.416 0.232 0.558
Pac: 0.148 0.473 0.615 0.299 0.443 0.315 0.251 0.182 0.506
Che: 0.465 0.435 0.576 0.481 0.585 0.668 0.636 0.278 0.491
Pay: 0.362 0.461 0.872 0.941 0.839 0.692 0.972 0.911 0.425
Limit: 0.000 0.000 0.000 0.000 0.045 0.059 0.240 0.000 0.000
8.338679
AVG: 8.272 6.306 5.168 7.960 12.213 21.519 23.631 7.075 8.153
Reg: 0.581 0.442 0.457 0.675 1.000 0.838 0.719 0.491 0.554
Pac: 0.245 0.304 0.330 0.306 0.369 0.231 0.477 0.225 0.421
Che: 0.596 0.421 0.388 0.622 0.629 0.823 0.774 0.380 0.361
Pay: 0.824 0.561 0.528 0.840 0.995 0.958 0.844 1.075 0.486
Limit: 0.000 0.000 0.000 0.000 0.174 0.606 0.844 0.021 0.000
11.045137
AVG: 8.596 8.808 4.184 11.042 17.026 33.988 24.973 6.140 7.973
Reg: 0.623 0.821 0.404 0.773 0.741 1.000 0.500 0.344 0.661
Pac: 0.306 0.510 0.317 0.454 0.369 0.477 0.398 0.254 0.429
Che: 0.495 0.555 0.496 0.587 0.955 0.946 0.705 0.307 0.430
Pay: 0.491 0.560 0.710 0.957 0.488 0.811 1.461 0.538 0.332
Limit: 0.000 0.020 0.000 0.000 0.250 1.000 0.532 0.000 0.000
13.114748
AVG: 9.759 6.581 5.480 7.790 9.135 16.622 20.967 5.960 7.139
Reg: 0.794 0.451 0.521 0.575 0.719 1.000 0.488 0.278 0.396
Pac: 0.312 0.585 0.374 0.356 0.291 0.386 0.425 0.249 0.353
Che: 0.794 0.377 0.573 0.367 0.733 0.705 0.814 0.219 0.319
Pay: 0.805 0.677 0.738 0.850 0.684 0.615 0.745 0.725 0.279
Limit: 0.000 0.000 0.000 0.000 0.000 0.300 0.576 0.000 0.000
9.522948
AVG: 7.816 5.805 4.727 8.828 10.183 8.987 4.522 4.292 5.737
Reg: 0.312 0.456 0.359 0.574 0.992 0.643 0.401 0.317 0.318
Pac: 0.251 0.352 0.392 0.512 0.490 0.353 0.288 0.179 0.359
Che: 0.420 0.498 0.413 0.701 1.048 0.750 0.593 0.288 0.344
Pay: 0.389 0.535 0.577 0.860 1.000 0.834 1.022 0.582 0.295
Limit: 0.000 0.000 0.000 0.000 0.000 0.000 0.000 0.000 0.000
6.804952
AVG: 8.390 5.044 5.053 10.046 10.780 14.933 6.867 5.282 8.234
Reg: 0.411 0.565 0.435 0.840 0.713 0.994 0.457 0.512 0.647
Pac: 0.178 0.432 0.346 0.433 0.304 0.444 0.240 0.310 0.346
Che: 0.506 0.486 0.431 0.720 0.705 0.801 0.523 0.446 0.357
Pay: 0.573 0.432 0.551 0.796 1.000 1.000 1.133 0.767 0.313
Limit: 0.000 0.000 0.000 0.000 0.031 0.174 0.024 0.000 0.000
7.902490
AVG: 9.100 5.428 4.758 6.695 9.606 12.787 6.513 6.853 8.417
Reg: 0.446 0.323 0.460 0.510 0.658 0.633 0.408 0.392 0.497
Pac: 0.237 0.435 0.406 0.268 0.330 0.259 0.287 0.326 0.413
Che: 0.564 0.417 0.509 0.523 0.707 0.578 0.673 0.457 0.464
Pay: 0.627 0.344 0.638 0.941 0.477 0.593 1.030 0.899 0.400
Limit: 0.000 0.000 0.000 0.000 0.000 0.154 0.024 0.000 0.000
7.124814
AVG: 8.612 6.527 4.834 6.668 13.600 18.225 11.953 4.661 7.799
Reg: 0.653 0.369 0.365 0.714 0.898 1.000 0.608 0.561 0.425
Pac: 0.289 0.332 0.256 0.358 0.339 0.267 0.326 0.303 0.489
Che: 0.564 0.321 0.416 0.706 0.841 0.635 0.663 0.522 0.480
Pay: 0.814 0.583 0.379 0.796 0.705 0.577 1.019 0.782 0.516
Limit: 0.000 0.000 0.000 0.000 0.120 0.250 0.195 0.000 0.000
8.713860
AVG: 8.475 5.507 4.852 8.841 10.949 19.182 8.046 4.923 8.569
Reg: 0.594 0.366 0.511 0.783 0.740 0.799 0.442 0.499 0.606
Pac: 0.312 0.254 0.445 0.492 0.208 0.454 0.292 0.277 0.495
Che: 0.565 0.388 0.538 0.591 0.686 0.911 0.571 0.386 0.417
Pay: 0.721 0.333 0.652 0.982 0.818 0.794 1.315 0.437 0.634
Limit: 0.000 0.000 0.000 0.031 0.091 0.421 0.045 0.000 0.000
8.150840
AVG: 7.549 5.635 5.647 7.914 21.362 14.735 14.793 6.428 5.695
Reg: 0.415 0.463 0.426 0.684 1.000 0.897 0.500 0.322 0.406
Pac: 0.215 0.411 0.297 0.332 0.326 0.412 0.354 0.251 0.230
Che: 0.582 0.435 0.449 0.467 0.826 0.811 0.671 0.386 0.341
Pay: 0.608 0.581 0.831 0.830 0.769 1.000 1.097 0.536 0.398
Limit: 0.000 0.000 0.000 0.000 0.733 0.190 0.064 0.000 0.000
9.474430
AVG: 9.226 4.619 5.168 9.370 10.460 8.599 7.375 4.892 8.547
Reg: 0.612 0.432 0.562 0.751 0.925 0.643 0.491 0.365 0.614
Pac: 0.254 0.285 0.303 0.464 0.331 0.466 0.209 0.308 0.552
Che: 0.529 0.491 0.591 0.643 0.986 0.580 0.674 0.387 0.462
Pay: 0.777 0.409 0.803 0.895 1.000 0.681 0.786 0.875 0.421
Limit: 0.000 0.000 0.000 0.000 0.000 0.000 0.028 0.000 0.000
7.349388
AVG: 7.081 6.072 4.220 6.426 0.000 9.403 11.451 4.852 7.944
Reg: 0.534 0.484 0.396 0.589 0.939 0.892 0.451 0.351 0.410
Pac: 0.239 0.422 0.243 0.238 0.336 0.595 0.399 0.299 0.369
Che: 0.468 0.497 0.410 0.483 0.637 0.809 0.797 0.403 0.271
Pay: 0.734 0.501 0.545 0.814 0.000 0.990 1.662 0.632 0.414
Limit: 0.000 0.000 0.000 0.000 0.000 0.000 0.091 0.000 0.000
7.591689
AVG: 7.133 8.949 4.668 7.594 10.393 14.681 9.275 6.333 7.253
Reg: 0.561 0.262 0.436 0.511 0.600 1.000 0.461 0.478 0.465
Pac: 0.195 0.337 0.267 0.371 0.302 0.340 0.308 0.294 0.424
Che: 0.679 0.381 0.436 0.573 0.697 0.825 0.631 0.409 0.395
Pay: 0.545 0.415 0.494 0.898 0.427 0.853 1.039 0.837 0.329
Limit: 0.000 0.086 0.000 0.000 0.000 0.158 0.026 0.000 0.000
8.245341
AVG: 7.699 5.273 4.699 6.594 12.257 16.067 22.776 9.803 10.463
Reg: 0.512 0.413 0.328 0.768 0.640 1.000 0.482 0.404 0.598
Pac: 0.253 0.299 0.284 0.479 0.338 0.431 0.329 0.214 0.327
Che: 0.517 0.304 0.371 0.561 0.703 0.699 0.689 0.308 0.439
Pay: 0.696 0.433 0.629 0.794 1.000 0.862 0.984 0.997 0.322
Limit: 0.000 0.000 0.000 0.000 0.067 0.391 0.692 0.000 0.000
10.519870
AVG: 7.907 9.146 4.592 8.102 9.328 13.587 8.315 4.289 7.633
Reg: 0.793 0.530 0.409 0.505 1.043 0.740 0.324 0.392 0.604
Pac: 0.260 0.519 0.442 0.446 0.464 0.328 0.150 0.300 0.547
Che: 0.486 0.596 0.560 0.488 0.871 0.890 0.542 0.376 0.446
Pay: 0.681 0.555 0.675 0.791 0.914 0.468 0.862 0.738 0.390
Limit: 0.000 0.041 0.000 0.000 0.000 0.000 0.067 0.000 0.000
7.679645
AVG: 8.206 5.560 5.380 7.693 8.454 12.442 9.773 4.643 6.269
Reg: 0.520 0.540 0.623 0.480 0.688 1.000 0.410 0.443 0.450
Pac: 0.189 0.364 0.458 0.385 0.345 0.364 0.312 0.265 0.449
Che: 0.503 0.470 0.547 0.683 0.569 0.725 0.603 0.422 0.525
Pay: 0.524 0.467 0.711 0.973 1.000 1.000 0.968 0.700 0.622
Limit: 0.000 0.000 0.000 0.000 0.000 0.031 0.095 0.000 0.000
7.486984
AVG: 7.817 6.380 4.418 6.398 10.634 11.652 6.289 4.610 5.760
Reg: 0.565 0.404 0.427 0.459 0.904 0.725 0.257 0.339 0.341
Pac: 0.124 0.318 0.371 0.387 0.388 0.401 0.220 0.242 0.317
Che: 0.511 0.395 0.518 0.380 0.668 0.761 0.489 0.323 0.343
Pay: 0.313 0.373 0.791 0.681 0.721 0.809 0.549 0.604 0.344
Limit: 0.000 0.029 0.000 0.000 0.062 0.000 0.031 0.000 0.000
6.864725
AVG: 9.036 5.299 4.894 8.604 12.879 12.216 6.311 5.766 7.425
Reg: 0.622 0.324 0.409 0.579 0.917 0.713 0.483 0.300 0.232
Pac: 0.335 0.379 0.434 0.405 0.331 0.333 0.354 0.255 0.395
Che: 0.713 0.408 0.488 0.547 0.719 0.810 0.564 0.328 0.381
Pay: 0.781 0.528 0.770 1.323 0.939 0.656 0.660 0.843 0.380
Limit: 0.000 0.000 0.000 0.000 0.095 0.056 0.000 0.000 0.000
7.428379
AVG: 9.151 5.998 5.615 6.949 15.782 16.314 10.141 8.217 12.216
Reg: 0.558 0.388 0.475 0.769 0.757 0.901 0.468 0.476 0.410
Pac: 0.219 0.294 0.534 0.371 0.480 0.288 0.270 0.273 0.446
Che: 0.587 0.401 0.500 0.496 1.000 0.769 0.591 0.389 0.376
Pay: 0.765 0.594 0.715 0.891 0.870 0.837 0.818 0.697 0.379
Limit: 0.000 0.000 0.000 0.000 0.226 0.294 0.073 0.000 0.067
9.525670
AVG: 8.712 5.839 4.906 9.541 0.000 0.000 9.800 6.212 7.857
Reg: 0.619 0.379 0.470 0.634 1.160 0.638 0.338 0.394 0.435
Pac: 0.327 0.401 0.377 0.500 0.413 0.314 0.286 0.270 0.268
Che: 0.653 0.431 0.559 0.464 0.969 0.789 0.468 0.349 0.376
Pay: 0.731 0.418 0.768 0.948 0.000 0.000 0.960 1.879 0.293
Limit: 0.000 0.000 0.000 0.000 0.000 0.000 0.000 0.000 0.000
7.078136
AVG: 6.725 5.880 5.433 7.015 7.517 11.603 10.258 4.526 8.181
Reg: 0.426 0.485 0.649 0.405 0.548 0.752 0.452 0.235 0.590
Pac: 0.311 0.401 0.377 0.334 0.295 0.288 0.335 0.192 0.486
Che: 0.659 0.434 0.561 0.574 0.637 0.934 0.509 0.216 0.454
Pay: 0.807 0.618 0.611 1.100 0.544 0.664 0.921 0.596 0.357
Limit: 0.000 0.000 0.000 0.000 0.000 0.000 0.086 0.000 0.000
7.299054
AVG: 9.082 6.252 4.866 7.796 9.307 16.684 7.540 4.250 7.844
Reg: 0.649 0.339 0.391 0.656 1.098 1.134 0.371 0.327 0.463
Pac: 0.247 0.272 0.361 0.337 0.426 0.400 0.277 0.237 0.427
Che: 0.670 0.301 0.559 0.462 0.752 0.994 0.522 0.387 0.377
Pay: 0.606 0.361 0.745 0.853 1.000 0.796 0.934 0.760 0.355
Limit: 0.050 0.000 0.000 0.000 0.000 0.261 0.053 0.000 0.000
7.761459
AVG: 8.129 5.969 4.654 8.112 13.264 13.106 8.098 6.841 12.089
Reg: 0.672 0.440 0.445 0.874 1.180 0.871 0.318 0.389 0.454
Pac: 0.344 0.317 0.398 0.368 0.479 0.573 0.247 0.277 0.497
Che: 0.528 0.412 0.522 0.583 0.978 0.864 0.366 0.415 0.512
Pay: 0.606 0.602 0.738 1.162 1.005 0.735 1.047 0.930 0.381
Limit: 0.000 0.023 0.000 0.000 0.182 0.059 0.031 0.000 0.095
8.490251
AVG: 8.840 7.542 4.522 8.193 9.756 10.212 6.168 4.681 7.084
Reg: 0.748 0.380 0.383 0.595 0.790 0.766 0.482 0.427 0.435
Pac: 0.301 0.506 0.363 0.488 0.353 0.221 0.260 0.245 0.330
Che: 0.653 0.467 0.483 0.620 0.743 0.551 0.695 0.340 0.361
Pay: 0.762 0.727 0.585 1.281 0.908 0.861 1.291 0.565 0.367
Limit: 0.000 0.020 0.000 0.000 0.053 0.000 0.000 0.000 0.000
7.155909
AVG: 8.652 5.537 4.726 9.925 9.376 9.201 5.295 11.625 10.753
Reg: 0.416 0.361 0.497 0.746 0.441 0.505 0.307 0.500 0.504
Pac: 0.288 0.387 0.416 0.468 0.282 0.356 0.292 0.246 0.437
Che: 0.558 0.322 0.467 0.627 0.790 0.621 0.557 0.306 0.368
Pay: 0.748 0.342 0.837 0.869 0.902 0.498 0.766 0.579 0.341
Limit: 0.000 0.000 0.000 0.029 0.000 0.000 0.000 0.033 0.000
8.049759
AVG: 8.481 5.345 5.074 7.746 17.053 16.480 16.299 5.313 7.034
Reg: 0.510 0.427 0.348 0.705 1.000 0.996 0.785 0.343 0.383
Pac: 0.204 0.510 0.414 0.465 0.284 0.321 0.363 0.242 0.357
Che: 0.562 0.454 0.536 0.577 0.890 0.786 0.818 0.293 0.331
Pay: 0.755 0.421 0.775 0.836 0.690 0.579 0.772 0.838 0.246
Limit: 0.000 0.000 0.000 0.000 0.400 0.261 0.314 0.000 0.000
9.377486
AVG: 8.395 5.275 4.938 6.602 14.684 0.000 19.633 6.654 10.794
Reg: 0.560 0.354 0.406 0.610 0.999 1.000 0.576 0.497 0.600
Pac: 0.187 0.332 0.406 0.369 0.326 0.374 0.310 0.256 0.630
Che: 0.705 0.347 0.575 0.569 0.709 0.745 0.688 0.433 0.574
Pay: 0.800 0.485 0.712 1.234 1.140 0.000 0.984 1.795 0.541
Limit: 0.000 0.000 0.000 0.000 0.208 0.000 0.458 0.051 0.037
8.696248
AVG: 7.482 7.939 4.800 7.662 8.111 13.553 8.143 5.223 7.741
Reg: 0.549 0.436 0.360 0.573 0.801 0.790 0.461 0.203 0.321
Pac: 0.339 0.410 0.324 0.272 0.295 0.279 0.254 0.135 0.374
Che: 0.661 0.516 0.538 0.419 0.829 0.641 0.543 0.318 0.422
Pay: 0.847 0.397 0.645 0.978 0.808 0.702 0.532 0.586 0.433
Limit: 0.000 0.023 0.000 0.000 0.000 0.118 0.000 0.000 0.000
7.503726
AVG: 8.387 5.186 4.918 7.923 6.947 13.691 11.733 4.718 9.474
Reg: 0.594 0.403 0.460 0.687 0.926 0.908 0.486 0.271 0.701
Pac: 0.261 0.281 0.250 0.348 0.322 0.428 0.339 0.181 0.516
Che: 0.608 0.343 0.432 0.499 0.947 0.678 0.744 0.358 0.458
Pay: 0.708 0.390 0.682 1.279 0.931 0.560 0.772 0.418 0.395
Limit: 0.000 0.000 0.000 0.000 0.000 0.125 0.089 0.000 0.000
7.993806
AVG: 8.730 5.345 5.072 9.231 13.436 12.350 14.469 5.320 7.338
Reg: 0.427 0.452 0.519 0.739 0.835 0.670 0.554 0.586 0.385
Pac: 0.197 0.366 0.376 0.412 0.291 0.150 0.327 0.288 0.392
Che: 0.508 0.330 0.540 0.492 0.615 0.488 0.697 0.382 0.351
Pay: 0.597 0.354 0.578 0.827 0.608 0.453 0.782 0.662 0.317
Limit: 0.000 0.000 0.000 0.000 0.235 0.176 0.333 0.000 0.000
8.625841
AVG: 8.284 5.689 4.700 8.086 7.575 13.228 12.298 4.959 8.201
Reg: 0.642 0.597 0.359 0.606 0.875 1.057 0.515 0.338 0.478
Pac: 0.246 0.400 0.381 0.380 0.321 0.598 0.260 0.189 0.530
Che: 0.599 0.356 0.495 0.479 0.800 0.715 0.995 0.344 0.426
Pay: 0.729 0.451 0.676 0.805 1.000 1.306 0.966 0.809 0.366
Limit: 0.000 0.000 0.000 0.000 0.000 0.115 0.259 0.000 0.000
8.279264
AVG: 9.806 5.664 5.079 9.056 9.363 10.682 10.929 5.994 8.060
Reg: 0.682 0.411 0.467 0.571 0.503 0.817 0.336 0.472 0.510
Pac: 0.357 0.406 0.461 0.389 0.304 0.389 0.452 0.318 0.318
Che: 0.560 0.555 0.538 0.425 0.590 0.792 0.678 0.437 0.455
Pay: 0.813 0.582 0.856 0.880 0.605 0.409 0.876 1.013 0.317
Limit: 0.000 0.000 0.000 0.000 0.000 0.000 0.200 0.000 0.045
7.868383
AVG: 6.896 5.931 4.746 6.139 23.751 17.039 7.167 5.253 7.488
Reg: 0.519 0.543 0.396 0.530 0.875 0.576 0.404 0.295 0.384
Pac: 0.284 0.430 0.344 0.384 0.442 0.253 0.198 0.193 0.399
Che: 0.505 0.518 0.447 0.406 0.500 0.761 0.401 0.250 0.403
Pay: 0.782 0.798 0.745 1.147 0.468 0.655 0.512 0.594 0.311
Limit: 0.000 0.000 0.000 0.000 0.688 0.400 0.000 0.000 0.000
8.338427
AVG: 10.328 6.270 5.163 6.920 25.844 34.714 8.825 6.413 7.394
Reg: 0.731 0.381 0.504 0.775 0.810 0.825 0.502 0.457 0.378
Pac: 0.262 0.274 0.590 0.443 0.437 0.297 0.308 0.274 0.385
Che: 0.770 0.284 0.631 0.609 0.500 0.986 0.576 0.328 0.350
Pay: 0.885 0.369 1.077 0.923 0.748 0.630 0.989 0.887 0.329
Limit: 0.000 0.000 0.000 0.000 0.500 1.000 0.175 0.000 0.000
10.823576
AVG: 8.222 5.905 5.765 7.327 9.793 10.838 7.592 6.235 7.623
Reg: 0.688 0.456 0.409 0.415 0.961 0.704 0.291 0.429 0.357
Pac: 0.335 0.383 0.340 0.314 0.316 0.444 0.258 0.297 0.436
Che: 0.519 0.582 0.567 0.309 0.466 0.735 0.407 0.425 0.310
Pay: 0.503 0.567 0.575 1.015 0.306 0.481 0.538 0.716 0.356
Limit: 0.000 0.000 0.000 0.000 0.000 0.105 0.000 0.000 0.000
7.335107
AVG: 9.185 6.757 5.462 8.024 13.644 12.673 11.560 5.263 6.401
Reg: 0.627 0.341 0.372 0.675 0.801 0.785 0.475 0.555 0.513
Pac: 0.297 0.319 0.375 0.429 0.371 0.205 0.330 0.217 0.364
Che: 0.737 0.418 0.432 0.559 1.000 0.487 0.703 0.366 0.419
Pay: 0.636 0.627 0.543 0.871 0.761 0.615 0.887 0.660 0.248
Limit: 0.000 0.028 0.000 0.000 0.071 0.125 0.250 0.000 0.000
8.511676
AVG: 6.062 7.835 5.085 6.438 10.246 10.285 15.058 5.734 5.561
Reg: 0.499 0.588 0.619 0.668 0.550 0.687 0.461 0.419 0.319
Pac: 0.182 0.508 0.494 0.308 0.298 0.397 0.253 0.226 0.178
Che: 0.410 0.470 0.615 0.485 0.484 0.675 0.633 0.288 0.256
Pay: 0.509 0.522 0.908 1.418 0.476 0.445 0.804 0.447 0.390
Limit: 0.000 0.000 0.000 0.000 0.000 0.000 0.342 0.000 0.000
8.157492
AVG: 8.067 5.996 5.819 7.479 8.528 11.233 7.781 5.151 7.443
Reg: 0.408 0.517 0.416 0.540 0.663 0.829 0.361 0.422 0.573
Pac: 0.223 0.467 0.320 0.416 0.257 0.376 0.306 0.266 0.342
Che: 0.315 0.485 0.609 0.594 0.551 0.693 0.606 0.310 0.364
Pay: 0.410 0.530 0.644 0.839 1.050 0.780 0.719 0.884 0.456
Limit: 0.000 0.000 0.000 0.000 0.000 0.000 0.000 0.000 0.000
7.370903
AVG: 9.007 4.654 6.187 6.739 8.360 14.291 12.648 8.773 9.581
Reg: 0.348 0.365 0.483 0.457 0.554 0.910 0.458 0.395 0.462
Pac: 0.302 0.344 0.451 0.283 0.218 0.317 0.348 0.172 0.487
Che: 0.600 0.441 0.549 0.374 0.611 0.720 0.683 0.359 0.421
Pay: 0.569 0.527 0.843 0.584 0.826 0.906 0.890 0.672 0.263
Limit: 0.000 0.000 0.000 0.000 0.000 0.263 0.132 0.065 0.000
8.631460
AVG: 9.737 6.497 5.640 14.217 11.767 8.042 4.881 4.440 8.096
Reg: 0.642 0.647 0.407 0.635 0.796 0.730 0.327 0.344 0.527
Pac: 0.335 0.349 0.427 0.449 0.240 0.279 0.187 0.231 0.380
Che: 0.752 0.418 0.709 0.619 0.626 0.649 0.495 0.361 0.403
Pay: 0.710 0.388 0.958 0.905 0.309 0.760 0.682 0.436 0.354
Limit: 0.000 0.000 0.000 0.233 0.118 0.000 0.000 0.000 0.000
7.653147
AVG: 7.283 6.589 5.001 6.472 24.092 13.678 5.457 4.468 8.029
Reg: 0.534 0.322 0.459 0.854 0.601 0.559 0.328 0.415 0.570
Pac: 0.298 0.300 0.423 0.438 0.351 0.307 0.215 0.249 0.430
Che: 0.576 0.343 0.511 0.486 0.835 0.676 0.408 0.364 0.358
Pay: 0.864 0.563 0.540 0.914 1.000 0.544 0.733 0.911 0.465
Limit: 0.000 0.000 0.000 0.000 0.593 0.130 0.000 0.000 0.000
8.789464
AVG: 9.654 6.130 6.433 9.566 11.226 12.223 13.031 4.305 6.171
Reg: 0.624 0.415 0.557 0.828 0.846 0.943 0.451 0.396 0.467
Pac: 0.280 0.387 0.439 0.449 0.250 0.378 0.338 0.221 0.383
Che: 0.491 0.418 0.522 0.589 0.728 0.760 0.642 0.279 0.384
Pay: 0.633 0.654 0.741 0.949 0.768 0.990 0.874 0.516 0.304
Limit: 0.000 0.020 0.000 0.000 0.000 0.043 0.116 0.000 0.000
8.501810
AVG: 6.978 5.571 4.098 7.890 11.278 12.929 6.489 5.332 7.181
Reg: 0.422 0.443 0.374 0.622 1.210 0.967 0.377 0.408 0.560
Pac: 0.205 0.357 0.244 0.430 0.381 0.442 0.348 0.288 0.411
Che: 0.462 0.415 0.500 0.541 1.007 0.748 0.614 0.337 0.503
Pay: 0.605 0.374 0.856 0.796 1.000 1.250 0.786 0.625 0.377
Limit: 0.000 0.000 0.000 0.000 0.043 0.065 0.071 0.000 0.000
7.350241
AVG: 9.545 5.446 4.863 7.904 9.744 16.950 11.144 7.589 10.225
Reg: 0.695 0.649 0.514 0.622 0.689 0.929 0.470 0.473 0.454
Pac: 0.239 0.428 0.416 0.506 0.375 0.305 0.341 0.237 0.435
Che: 0.502 0.552 0.624 0.610 0.752 0.739 0.795 0.375 0.439
Pay: 0.718 0.762 0.880 0.844 1.000 0.639 0.907 0.963 0.548
Limit: 0.048 0.020 0.000 0.000 0.000 0.240 0.206 0.000 0.000
8.709800
AVG: 9.371 5.702 5.144 7.501 11.574 12.256 7.265 4.961 9.001
Reg: 0.733 0.284 0.496 0.608 1.050 0.839 0.374 0.400 0.479
Pac: 0.286 0.381 0.352 0.344 0.315 0.386 0.196 0.276 0.477
Che: 0.715 0.375 0.567 0.576 0.786 0.918 0.569 0.443 0.461
Pay: 0.496 0.482 0.640 1.243 0.681 0.817 1.234 0.936 0.416
Limit: 0.000 0.000 0.000 0.000 0.053 0.000 0.026 0.000 0.036
7.499262
AVG: 7.119 5.579 6.078 10.722 10.880 14.654 7.710 4.047 9.962
Reg: 0.425 0.522 0.332 0.731 0.666 1.103 0.475 0.341 0.542
Pac: 0.186 0.515 0.364 0.455 0.444 0.484 0.266 0.189 0.350
Che: 0.501 0.470 0.529 0.606 1.030 0.998 0.598 0.302 0.435
Pay: 0.373 0.466 0.782 1.080 0.862 1.188 1.321 0.702 0.360
Limit: 0.000 0.000 0.000 0.000 0.000 0.143 0.067 0.000 0.000
8.207908
AVG: 8.165 6.160 5.880 7.689 11.789 12.824 5.401 4.157 8.613
Reg: 0.635 0.375 0.617 0.722 0.902 0.847 0.324 0.408 0.464
Pac: 0.191 0.285 0.442 0.510 0.355 0.472 0.202 0.261 0.486
Che: 0.353 0.335 0.570 0.631 0.993 0.883 0.518 0.298 0.343
Pay: 0.331 0.420 0.611 1.082 1.255 0.822 0.487 0.709 0.418
Limit: 0.000 0.000 0.000 0.000 0.000 0.143 0.000 0.000 0.000
7.624974
AVG: 7.140 5.821 4.103 8.425 13.820 27.296 10.095 6.410 8.854
Reg: 0.521 0.455 0.297 0.650 0.997 1.000 0.620 0.363 0.518
Pac: 0.228 0.352 0.311 0.472 0.337 0.493 0.392 0.183 0.264
Che: 0.628 0.404 0.397 0.467 0.452 0.958 0.680 0.269 0.334
Pay: 0.723 0.450 0.654 0.926 0.988 0.836 0.871 0.599 0.312
Limit: 0.000 0.000 0.000 0.000 0.222 0.792 0.128 0.000 0.000
9.829991
AVG: 13.776 5.934 5.119 9.471 13.369 11.606 8.916 8.771 11.383
Reg: 0.733 0.429 0.394 0.832 0.933 0.677 0.401 0.467 0.442
Pac: 0.358 0.406 0.338 0.378 0.472 0.323 0.375 0.263 0.369
Che: 0.645 0.392 0.476 0.750 0.742 0.482 0.594 0.403 0.398
Pay: 0.604 0.387 0.608 0.861 0.867 0.494 0.878 0.939 0.591
Limit: 0.174 0.000 0.000 0.000 0.125 0.150 0.000 0.000 0.080
9.397146
AVG: 9.925 7.331 5.331 8.499 11.482 11.212 11.459 6.944 8.007
Reg: 0.507 0.473 0.510 0.772 0.843 0.856 0.500 0.493 0.723
Pac: 0.355 0.330 0.486 0.466 0.328 0.416 0.281 0.366 0.476
Che: 0.746 0.445 0.483 0.517 0.720 0.649 0.667 0.386 0.451
Pay: 0.645 0.584 0.741 0.978 0.645 0.685 0.803 0.956 0.284
Limit: 0.000 0.000 0.000 0.000 0.038 0.000 0.000 0.000 0.000
8.631457
AVG: 5.558 5.228 4.343 13.935 15.719 8.784 5.843 4.827 7.844
Reg: 0.386 0.482 0.378 0.956 0.857 0.785 0.346 0.324 0.496
Pac: 0.138 0.432 0.338 0.492 0.312 0.210 0.250 0.225 0.476
Che: 0.404 0.430 0.455 0.589 0.913 0.471 0.549 0.357 0.351
Pay: 0.648 0.606 0.685 1.148 0.978 0.398 0.636 0.693 0.295
Limit: 0.000 0.000 0.000 0.237 0.417 0.000 0.000 0.000 0.000
7.903162
AVG: 7.957 5.144 4.654 5.640 9.778 9.491 10.826 5.207 7.559
Reg: 0.300 0.471 0.543 0.425 0.590 0.694 0.494 0.405 0.385
Pac: 0.236 0.417 0.387 0.251 0.288 0.228 0.319 0.328 0.342
Che: 0.442 0.413 0.522 0.422 0.591 0.640 0.624 0.331 0.299
Pay: 0.583 0.907 0.863 0.816 0.746 0.535 0.829 0.783 0.321
Limit: 0.000 0.000 0.000 0.000 0.000 0.000 0.184 0.000 0.000
7.005466
AVG: 9.094 7.001 4.497 7.239 19.451 44.175 10.122 5.183 7.143
Reg: 0.596 0.477 0.451 0.596 1.170 0.916 0.449 0.416 0.272
Pac: 0.252 0.333 0.411 0.417 0.485 0.198 0.293 0.283 0.228
Che: 0.418 0.364 0.612 0.531 0.495 0.976 0.609 0.357 0.260
Pay: 0.775 0.433 0.762 1.435 0.493 1.000 1.162 0.663 0.232
Limit: 0.000 0.000 0.000 0.000 0.357 1.000 0.167 0.000 0.000
11.328970
AVG: 7.500 5.213 4.680 10.069 10.153 11.636 6.749 6.336 8.007
Reg: 0.530 0.479 0.308 0.683 1.254 1.416 0.625 0.588 0.459
Pac: 0.250 0.314 0.376 0.494 0.452 0.422 0.220 0.307 0.354
Che: 0.537 0.315 0.505 0.467 0.971 0.904 0.462 0.450 0.385
Pay: 0.603 0.291 0.821 0.667 1.042 0.725 1.202 0.582 0.288
Limit: 0.000 0.000 0.000 0.040 0.000 0.000 0.000 0.000 0.000
7.550378
AVG: 9.264 5.482 5.103 7.454 9.611 12.575 33.209 25.557 23.578
Reg: 0.450 0.429 0.458 0.608 0.690 0.946 0.500 0.500 0.919
Pac: 0.333 0.408 0.371 0.257 0.463 0.327 0.284 0.369 0.648
Che: 0.757 0.449 0.501 0.391 0.576 0.858 0.446 0.504 0.597
Pay: 0.711 0.495 0.711 0.841 0.607 0.938 0.777 0.880 0.751
Limit: 0.000 0.000 0.000 0.000 0.000 0.042 1.000 0.973 0.860
15.946818
AVG: 11.270 5.844 4.176 6.724 10.107 11.024 6.751 5.001 7.500
Reg: 0.529 0.413 0.354 0.523 0.790 0.704 0.476 0.325 0.581
Pac: 0.293 0.391 0.290 0.269 0.498 0.215 0.406 0.247 0.422
Che: 0.672 0.407 0.432 0.384 0.790 0.439 0.624 0.330 0.401
Pay: 0.765 0.524 0.481 0.553 0.751 0.562 0.893 0.802 0.463
Limit: 0.000 0.022 0.000 0.000 0.000 0.000 0.000 0.000 0.000
6.986345
AVG: 8.849 5.932 4.434 8.761 9.774 10.284 18.775 5.701 9.105
Reg: 0.776 0.408 0.379 0.776 0.827 0.726 0.548 0.243 0.565
Pac: 0.289 0.425 0.335 0.385 0.440 0.391 0.392 0.152 0.456
Che: 0.675 0.514 0.431 0.500 0.643 0.740 0.760 0.211 0.465
Pay: 0.789 0.546 0.659 0.958 0.936 0.722 0.964 0.919 0.397
Limit: 0.000 0.000 0.000 0.000 0.000 0.071 0.379 0.000 0.000
8.680871
AVG: 8.095 7.881 4.306 6.616 9.229 8.612 4.976 4.249 5.911
Reg: 0.341 0.627 0.321 0.537 0.819 0.518 0.292 0.277 0.478
Pac: 0.277 0.592 0.264 0.235 0.335 0.392 0.119 0.201 0.453
Che: 0.611 0.651 0.557 0.422 0.779 0.909 0.352 0.325 0.427
Pay: 0.537 0.642 0.709 0.752 0.809 0.998 0.562 0.593 0.525
Limit: 0.000 0.020 0.000 0.000 0.000 0.000 0.000 0.000 0.000
6.639131
AVG: 8.147 6.243 4.716 8.577 9.052 17.860 9.810 4.478 8.026
Reg: 0.589 0.533 0.456 0.547 0.631 0.967 0.533 0.274 0.612
Pac: 0.230 0.469 0.325 0.292 0.293 0.392 0.313 0.197 0.427
Che: 0.532 0.503 0.411 0.513 0.567 0.915 0.672 0.311 0.429
Pay: 0.627 0.519 0.625 0.692 0.408 0.454 1.058 0.502 0.358
Limit: 0.000 0.000 0.000 0.000 0.000 0.368 0.106 0.000 0.000
8.050326
AVG: 7.190 7.790 4.728 8.277 11.990 12.123 6.529 4.452 7.052
Reg: 0.589 0.533 0.528 0.728 0.808 0.439 0.405 0.392 0.435
Pac: 0.160 0.411 0.391 0.609 0.321 0.341 0.324 0.239 0.338
Che: 0.563 0.435 0.743 0.587 0.790 0.970 0.558 0.402 0.349
Pay: 0.468 0.475 0.732 0.964 0.981 1.000 1.053 0.680 0.525
Limit: 0.000 0.000 0.000 0.000 0.000 0.000 0.024 0.000 0.000
7.423205
AVG: 8.023 6.539 4.856 7.828 8.547 12.886 34.573 28.171 28.543
Reg: 0.411 0.646 0.380 0.619 0.864 0.996 0.500 0.500 0.500
Pac: 0.346 0.503 0.287 0.411 0.271 0.203 0.238 0.331 0.394
Che: 0.557 0.472 0.392 0.559 0.755 0.656 0.591 0.466 0.450
Pay: 0.651 0.649 0.714 0.674 1.000 0.820 0.867 0.950 0.392
Limit: 0.000 0.000 0.000 0.000 0.000 0.172 1.000 0.952 0.889
17.537936
AVG: 7.875 5.472 4.851 7.201 0.000 0.000 9.279 6.287 6.472
Reg: 0.434 0.359 0.331 0.512 0.534 0.552 0.608 0.361 0.456
Pac: 0.157 0.450 0.341 0.315 0.361 0.369 0.287 0.319 0.383
Che: 0.425 0.364 0.471 0.571 0.876 0.699 0.572 0.363 0.476
Pay: 0.685 0.378 0.582 1.191 0.000 0.000 0.991 1.928 0.616
Limit: 0.000 0.000 0.000 0.000 0.000 0.000 0.000 0.000 0.000
6.528273
AVG: 9.852 6.616 5.349 9.081 8.259 10.100 5.720 6.016 6.587
Reg: 0.668 0.569 0.579 0.733 0.633 0.687 0.328 0.418 0.335
Pac: 0.266 0.404 0.409 0.395 0.223 0.305 0.173 0.229 0.282
Che: 0.656 0.532 0.644 0.557 0.426 0.504 0.462 0.254 0.197
Pay: 0.449 0.317 0.791 1.515 0.604 0.647 0.567 0.592 0.185
Limit: 0.000 0.000 0.000 0.025 0.000 0.000 0.000 0.000 0.000
7.355366
AVG: 11.893 5.417 4.346 8.876 9.781 0.000 12.055 10.659 6.508
Reg: 0.543 0.406 0.316 0.912 1.154 0.793 0.500 0.374 0.394
Pac: 0.372 0.379 0.274 0.462 0.508 0.477 0.330 0.284 0.352
Che: 0.666 0.351 0.410 0.655 0.778 0.974 0.662 0.386 0.314
Pay: 0.697 0.342 0.541 1.085 0.949 0.000 0.923 1.012 0.298
Limit: 0.045 0.000 0.000 0.000 0.034 0.000 0.071 0.113 0.000
8.812024
AVG: 7.039 6.059 4.741 8.768 10.629 11.010 6.561 3.936 6.573
Reg: 0.443 0.437 0.402 0.596 0.944 1.024 0.532 0.325 0.422
Pac: 0.206 0.338 0.272 0.346 0.503 0.480 0.370 0.213 0.314
Che: 0.457 0.379 0.383 0.492 0.835 0.736 0.719 0.317 0.207
Pay: 0.598 0.384 0.548 0.866 0.993 0.769 0.952 0.776 0.362
Limit: 0.000 0.000 0.000 0.000 0.033 0.000 0.000 0.000 0.000
7.150656
AVG: 5.390 6.040 4.493 6.064 11.561 11.844 5.335 3.882 6.835
Reg: 0.318 0.417 0.324 0.555 1.266 0.642 0.366 0.281 0.379
Pac: 0.168 0.384 0.294 0.408 0.544 0.310 0.252 0.172 0.257
Che: 0.441 0.303 0.458 0.412 0.938 0.864 0.441 0.280 0.306
Pay: 0.580 0.363 0.708 0.745 0.963 0.618 0.586 0.851 0.343
Limit: 0.000 0.000 0.000 0.000 0.033 0.000 0.000 0.000 0.000
6.691063
AVG: 8.486 4.143 4.274 8.314 0.000 9.734 6.886 4.644 8.051
Reg: 0.352 0.225 0.396 0.476 1.105 0.869 0.505 0.438 0.677
Pac: 0.240 0.259 0.274 0.307 0.367 0.310 0.323 0.348 0.547
Che: 0.464 0.247 0.364 0.427 0.658 0.623 0.735 0.431 0.480
Pay: 0.504 0.357 0.489 0.598 0.000 0.983 1.282 1.002 0.404
Limit: 0.000 0.000 0.000 0.000 0.000 0.000 0.019 0.000 0.000
6.742875
AVG: 7.589 6.104 5.968 7.747 10.557 12.440 11.565 6.409 7.802
Reg: 0.510 0.570 0.545 0.446 0.678 0.857 0.541 0.456 0.594
Pac: 0.228 0.509 0.500 0.360 0.352 0.406 0.357 0.282 0.361
Che: 0.479 0.464 0.558 0.511 0.786 0.775 0.601 0.459 0.415
Pay: 0.719 0.417 0.947 0.850 0.826 0.679 0.808 1.079 0.306
Limit: 0.000 0.000 0.000 0.038 0.087 0.136 0.000 0.000 0.000
8.115603
