[8.151036036036038, 6.060234234234237, 5.813009009009007, 8.69621621621622, 11.66554054054054, 15.851504504504502, 13.277153153153153, 8.056972972972975, 8.66381081081081]
[1.147922549165049, 0.9358805552007115, 1.5630717245651442, 2.0121339683042234, 3.6682414098787524, 9.553728674361285, 10.888724938961584, 6.637681729867536, 2.3791346996675924]

[0.5302432432432433, 0.4319819819819824, 0.44946846846846833, 0.6764054054054056, 0.8554234234234236, 0.8807837837837836, 0.45512612612612613, 0.43585585585585573, 0.4854504504504504]
[0.12528692951221404, 0.09507872337865601, 0.10178159091410276, 0.13512019196658914, 0.22007883720721164, 0.1596689370753249, 0.09475422138658883, 0.0893002675305302, 0.10783017501581475]

[0.3207837837837839, 0.2855765765765764, 0.38259459459459455, 0.40446846846846823, 0.37547747747747745, 0.3808018018018019, 0.30454954954954955, 0.2683603603603605, 0.398063063063063]
[0.07240867567916781, 0.05604961597855274, 0.08199663565701876, 0.0762792191624481, 0.091709868297727, 0.09093902717436654, 0.0628739248633726, 0.055946369556360016, 0.08768024208382927]

[0.41879279279279286, 0.5379189189189189, 0.7583513513513512, 0.5465945945945946, 0.7793153153153154, 0.7485855855855859, 0.612063063063063, 0.5010540540540541, 0.40245045045045025]
[0.08932611747619774, 0.09106270833487062, 0.12435923325017025, 0.09750595993596414, 0.20285986739983133, 0.15516103047418267, 0.1292356099142064, 0.11172600315442213, 0.07887802634661718]

[0.628216216216216, 0.4599099099099099, 0.3728918918918919, 0.905297297297297, 0.8780540540540537, 0.7728648648648645, 0.9547837837837844, 0.38168468468468464, 0.38028828828828837]
[0.1295527584210842, 0.12022962636117122, 0.08402706035079129, 0.1972979452044156, 0.2112414543433987, 0.2280100948644969, 0.23244712293822772, 0.10746539203930648, 0.10544144759934215]

[0.0013873873873873873, 0.006117117117117118, 0.0011711711711711711, 0.015522522522522524, 0.09118918918918921, 0.24246846846846848, 0.20981981981981981, 0.06913513513513513, 0.024585585585585587]
[0.008343062253684192, 0.0139669743921498, 0.012283346870461237, 0.07001670931160696, 0.16094767285251405, 0.2943553903916308, 0.28566010793394375, 0.19911129064626037, 0.0713966800233091]

9.40166609009
3.02649187631


111sets