[8.130722222222218, 5.655631944444442, 4.973243055555556, 8.34552777777778, 13.632270833333338, 17.55435416666667, 14.964916666666666, 8.130965277777774, 9.067118055555557]
[1.0475156286585658, 0.960462422963021, 0.5445825904933441, 1.549039473640056, 4.601672908692419, 7.598569268169968, 8.79632234982009, 6.453818313617393, 3.7769780496385965]

[0.5246875, 0.43868055555555563, 0.44662500000000005, 0.6488958333333336, 0.8158194444444444, 0.872125, 0.49230555555555555, 0.4238819444444443, 0.4840416666666665]
[0.10972784949529045, 0.09449203764058185, 0.09099960889720594, 0.13306664572634688, 0.18949511327537424, 0.15224860312258295, 0.11785468204635281, 0.09341562566531018, 0.10928205574719636]

[0.42074305555555547, 0.29129861111111127, 0.3707847222222223, 0.31725694444444447, 0.3746874999999997, 0.37311111111111095, 0.42145833333333343, 0.3635416666666668, 0.30126388888888894]
[0.09485074141101447, 0.056379305681979616, 0.07020428160360588, 0.06625013066316023, 0.09846442312595843, 0.09290983615484955, 0.10277604259045761, 0.07416197316609699, 0.07721101912140153]

[0.41077083333333353, 0.4072083333333332, 0.5116249999999997, 0.6677222222222221, 0.784673611111111, 0.764763888888889, 0.6291319444444441, 0.3787152777777776, 0.40118055555555543]
[0.08216233243724144, 0.07656922022661006, 0.08137898949087262, 0.11730358550717665, 0.1598999179113954, 0.13970464808297414, 0.1346756518520504, 0.07987417737312824, 0.08623173339401106]

[0.374388888888889, 0.3871736111111111, 0.7677569444444443, 0.8215138888888889, 0.8702638888888887, 0.753347222222222, 0.5026875, 0.36325694444444456, 0.730409722222222]
[0.0941441795503571, 0.07738659533123211, 0.13378575568421666, 0.15372657843785464, 0.19144204178459423, 0.19180228243647027, 0.12842201853167548, 0.0851235822632615, 0.19086249461306648]

[0.003604166666666666, 0.0018611111111111111, 0.0, 0.010020833333333335, 0.16422916666666668, 0.32734722222222223, 0.2749444444444444, 0.07303472222222221, 0.044583333333333336]
[0.014836712513034835, 0.00934717062888188, 0.0, 0.03444126819472697, 0.21638233647457097, 0.32532356370757265, 0.32957002244038824, 0.2135412207538253, 0.14957223728575655]

9.93803045139
2.66278633261

144sets