AVG: 7.760 5.713 4.904 11.037 30.377 49.741 28.715 4.785 7.506
Reg: 0.324 0.435 0.549 0.698 0.873 0.991 0.409 0.439 0.500
Pac: 0.422 0.306 0.360 0.353 0.424 0.228 0.424 0.370 0.426
Che: 0.296 0.387 0.469 0.717 1.000 1.000 0.880 0.289 0.485
Pay: 0.381 0.378 0.812 0.732 0.532 0.995 0.785 0.254 0.859
Limit: 0.000 0.000 0.000 0.120 0.760 1.000 0.759 0.000 0.000
16.244492
AVG: 7.123 6.409 4.549 10.696 21.488 21.858 11.841 4.796 10.133
Reg: 0.278 0.494 0.416 0.997 0.827 0.941 0.338 0.387 0.538
Pac: 0.363 0.342 0.302 0.403 0.338 0.515 0.241 0.384 0.288
Che: 0.354 0.460 0.433 0.766 0.956 0.978 0.359 0.393 0.455
Pay: 0.300 0.452 0.974 0.894 1.000 1.000 0.489 0.342 0.697
Limit: 0.000 0.000 0.000 0.000 0.625 0.640 0.308 0.000 0.040
10.340191
AVG: 8.318 5.650 4.932 6.039 8.892 10.628 14.290 11.067 7.239
Reg: 0.648 0.571 0.667 0.479 0.667 0.639 0.500 0.583 0.418
Pac: 0.376 0.249 0.516 0.343 0.452 0.244 0.321 0.451 0.312
Che: 0.343 0.512 0.646 0.882 0.660 0.585 0.512 0.562 0.360
Pay: 0.160 0.489 0.986 0.981 0.945 1.000 0.528 0.663 0.895
Limit: 0.000 0.000 0.000 0.000 0.000 0.000 0.111 0.180 0.000
8.763610
AVG: 7.278 5.685 4.678 7.275 17.569 13.360 10.228 6.984 17.579
Reg: 0.517 0.520 0.423 0.767 0.741 0.937 0.497 0.351 0.500
Pac: 0.355 0.225 0.339 0.424 0.446 0.431 0.337 0.445 0.269
Che: 0.467 0.318 0.594 0.750 0.945 0.792 0.676 0.372 0.307
Pay: 0.308 0.449 1.000 0.759 0.743 0.743 0.298 0.449 0.459
Limit: 0.000 0.000 0.000 0.000 0.394 0.095 0.000 0.000 0.450
11.378564
AVG: 7.610 6.843 4.837 8.578 10.363 13.113 18.766 10.436 9.169
Reg: 0.664 0.554 0.368 0.637 0.867 0.613 0.500 0.367 0.371
Pac: 0.411 0.317 0.246 0.372 0.556 0.181 0.410 0.351 0.277
Che: 0.491 0.501 0.454 0.780 0.731 0.557 0.553 0.306 0.348
Pay: 0.368 0.406 0.638 0.796 0.760 0.880 0.460 0.321 0.555
Limit: 0.000 0.000 0.000 0.000 0.040 0.143 0.394 0.059 0.000
9.922340
AVG: 8.557 5.828 4.478 8.393 11.116 14.379 10.077 9.559 8.252
Reg: 0.614 0.467 0.431 0.681 0.587 0.786 0.437 0.480 0.548
Pac: 0.573 0.332 0.313 0.399 0.246 0.355 0.355 0.351 0.299
Che: 0.488 0.442 0.479 0.777 0.680 0.779 0.681 0.321 0.347
Pay: 0.431 0.500 0.843 0.910 0.990 0.676 0.304 0.332 0.784
Limit: 0.000 0.000 0.000 0.000 0.037 0.080 0.030 0.000 0.000
8.707680
AVG: 9.053 4.491 4.501 7.920 10.036 9.978 8.250 4.976 6.579
Reg: 0.434 0.262 0.416 0.602 0.891 0.638 0.413 0.400 0.462
Pac: 0.388 0.194 0.305 0.302 0.446 0.384 0.418 0.378 0.281
Che: 0.236 0.207 0.482 0.533 0.631 0.774 0.455 0.419 0.554
Pay: 0.160 0.404 0.813 0.676 1.076 0.870 0.589 0.333 1.175
Limit: 0.000 0.000 0.000 0.000 0.000 0.056 0.000 0.000 0.000
7.007662
AVG: 8.545 5.593 4.871 8.635 14.808 23.128 8.396 4.634 7.586
Reg: 0.465 0.552 0.346 0.654 0.994 0.675 0.430 0.317 0.486
Pac: 0.571 0.295 0.405 0.333 0.537 0.433 0.250 0.242 0.187
Che: 0.435 0.473 0.462 0.630 0.848 1.000 0.579 0.215 0.332
Pay: 0.233 0.309 0.655 0.746 0.745 0.820 0.354 0.252 0.529
Limit: 0.000 0.000 0.000 0.000 0.200 0.654 0.030 0.000 0.000
9.245862
AVG: 7.750 4.971 4.028 8.157 10.889 13.951 7.279 8.393 10.266
Reg: 0.518 0.328 0.323 0.612 0.786 0.876 0.407 0.396 0.493
Pac: 0.396 0.230 0.237 0.253 0.591 0.594 0.318 0.409 0.171
Che: 0.501 0.300 0.363 0.620 0.802 0.970 0.398 0.420 0.362
Pay: 0.384 0.329 0.514 0.840 0.921 1.000 0.403 0.272 0.606
Limit: 0.000 0.000 0.000 0.030 0.000 0.121 0.000 0.000 0.048
10.065200
AVG: 7.615 6.026 7.032 8.490 9.963 11.044 8.187 6.164 6.656
Reg: 0.274 0.495 0.589 0.626 0.641 0.785 0.355 0.384 0.411
Pac: 0.335 0.347 0.471 0.431 0.298 0.334 0.349 0.449 0.271
Che: 0.355 0.475 0.530 0.914 0.568 0.859 0.451 0.411 0.337
Pay: 0.258 0.410 0.969 0.987 0.979 0.854 0.437 0.331 0.575
Limit: 0.000 0.000 0.000 0.000 0.000 0.000 0.000 0.000 0.000
7.780077
AVG: 7.938 4.821 5.357 9.736 9.614 14.168 21.918 5.797 7.581
Reg: 0.493 0.402 0.574 0.623 0.507 0.914 0.675 0.362 0.509
Pac: 0.534 0.283 0.435 0.401 0.429 0.230 0.648 0.398 0.346
Che: 0.418 0.385 0.439 0.659 0.849 0.606 0.944 0.367 0.321
Pay: 0.306 0.414 0.689 0.778 1.053 0.749 0.696 0.407 0.705
Limit: 0.000 0.000 0.000 0.048 0.000 0.267 0.490 0.000 0.000
9.955989
AVG: 8.146 4.873 4.645 5.878 9.894 14.703 22.422 5.171 11.553
Reg: 0.382 0.451 0.521 0.559 0.686 0.834 0.827 0.367 0.482
Pac: 0.403 0.325 0.418 0.324 0.271 0.333 0.606 0.392 0.346
Che: 0.283 0.369 0.544 0.626 0.652 0.638 0.824 0.380 0.408
Pay: 0.286 0.433 0.781 0.956 0.850 0.345 0.729 0.459 0.713
Limit: 0.000 0.000 0.000 0.000 0.000 0.200 0.776 0.000 0.045
9.913052
AVG: 7.855 7.876 4.936 8.396 9.885 17.373 17.212 5.454 6.696
Reg: 0.518 0.651 0.350 0.484 1.125 0.763 0.611 0.589 0.446
Pac: 0.455 0.308 0.296 0.301 0.461 0.525 0.518 0.446 0.259
Che: 0.431 0.437 0.355 0.727 1.067 1.000 0.957 0.502 0.361
Pay: 0.276 0.498 0.787 0.877 0.932 0.980 0.508 0.445 0.879
Limit: 0.000 0.000 0.000 0.000 0.000 0.333 0.370 0.000 0.000
9.858221
AVG: 7.306 5.559 5.124 10.460 10.835 16.424 6.272 7.226 6.450
Reg: 0.486 0.472 0.691 0.746 0.759 0.857 0.525 0.550 0.490
Pac: 0.377 0.285 0.425 0.315 0.369 0.427 0.280 0.499 0.287
Che: 0.432 0.542 0.642 0.856 0.944 0.701 0.426 0.398 0.422
Pay: 0.273 0.436 0.770 1.124 1.067 0.821 0.283 0.293 1.107
Limit: 0.000 0.000 0.000 0.032 0.097 0.350 0.000 0.000 0.000
7.962121
AVG: 6.855 5.558 4.443 8.442 12.483 15.511 9.428 4.843 7.274
Reg: 0.408 0.408 0.354 0.558 0.884 0.964 0.511 0.432 0.611
Pac: 0.399 0.240 0.357 0.305 0.319 0.444 0.317 0.361 0.297
Che: 0.522 0.373 0.393 0.746 0.896 0.910 0.718 0.427 0.498
Pay: 0.383 0.400 0.617 0.796 0.997 0.730 0.609 0.368 1.124
Limit: 0.000 0.000 0.000 0.000 0.061 0.182 0.043 0.000 0.000
8.209468
AVG: 8.014 4.955 5.454 8.023 17.823 16.167 12.428 5.071 8.614
Reg: 0.456 0.339 0.607 0.651 0.893 0.885 0.741 0.392 0.675
Pac: 0.575 0.297 0.364 0.350 0.524 0.289 0.502 0.409 0.368
Che: 0.422 0.369 0.560 0.648 0.940 0.837 0.746 0.375 0.489
Pay: 0.531 0.478 0.718 0.708 0.958 1.000 0.747 0.385 0.865
Limit: 0.000 0.000 0.000 0.000 0.370 0.176 0.021 0.000 0.034
9.192801
AVG: 7.138 5.036 5.002 8.180 13.045 18.233 7.095 4.952 7.456
Reg: 0.556 0.430 0.297 0.715 0.898 0.700 0.511 0.436 0.572
Pac: 0.388 0.233 0.397 0.362 0.467 0.427 0.374 0.346 0.372
Che: 0.408 0.329 0.492 0.767 0.626 0.859 0.629 0.346 0.407
Pay: 0.392 0.413 0.628 0.807 0.910 0.529 0.436 0.316 0.601
Limit: 0.000 0.000 0.000 0.000 0.065 0.348 0.054 0.000 0.000
8.114958
AVG: 8.349 5.414 4.789 6.747 13.487 11.710 10.582 13.243 15.007
Reg: 0.464 0.318 0.386 0.598 0.644 0.895 0.469 0.500 0.497
Pac: 0.432 0.249 0.363 0.267 0.291 0.253 0.231 0.456 0.232
Che: 0.373 0.308 0.615 0.666 0.828 0.772 0.474 0.476 0.396
Pay: 0.271 0.290 0.621 0.885 1.000 0.984 0.340 0.335 0.837
Limit: 0.000 0.000 0.000 0.000 0.211 0.000 0.033 0.095 0.103
10.091588
AVG: 8.342 5.381 5.133 8.313 8.907 10.414 9.999 9.038 7.720
Reg: 0.571 0.472 0.392 0.575 0.691 0.530 0.347 0.541 0.468
Pac: 0.399 0.311 0.387 0.361 0.362 0.344 0.289 0.379 0.291
Che: 0.412 0.366 0.442 0.523 0.746 0.636 0.415 0.440 0.407
Pay: 0.446 0.309 0.758 0.659 0.600 0.642 0.457 0.329 0.781
Limit: 0.000 0.000 0.000 0.000 0.000 0.000 0.030 0.000 0.000
7.926309
AVG: 7.081 4.854 5.380 7.711 12.049 12.857 14.973 5.616 8.267
Reg: 0.496 0.511 0.420 0.730 0.872 0.995 0.728 0.380 0.436
Pac: 0.343 0.294 0.356 0.327 0.274 0.293 0.557 0.403 0.247
Che: 0.398 0.414 0.477 0.735 0.832 0.569 0.714 0.314 0.443
Pay: 0.407 0.304 0.635 0.881 0.993 1.000 0.907 0.420 0.792
Limit: 0.000 0.000 0.000 0.000 0.120 0.136 0.357 0.000 0.000
9.014572
AVG: 7.360 6.420 4.708 7.759 9.912 11.933 6.534 5.921 7.716
Reg: 0.553 0.525 0.577 0.550 0.735 1.144 0.365 0.568 0.421
Pac: 0.437 0.309 0.411 0.307 0.440 0.588 0.402 0.425 0.223
Che: 0.380 0.414 0.541 0.784 1.088 0.846 0.571 0.499 0.312
Pay: 0.411 0.407 0.962 1.181 1.029 0.584 0.423 0.420 0.955
Limit: 0.000 0.000 0.000 0.000 0.000 0.083 0.000 0.000 0.000
7.320445
AVG: 6.288 5.801 5.113 7.817 17.054 15.684 13.025 11.142 13.074
Reg: 0.370 0.380 0.497 0.599 0.996 1.000 0.480 0.655 0.644
Pac: 0.455 0.225 0.444 0.437 0.394 0.391 0.363 0.401 0.224
Che: 0.449 0.304 0.598 0.971 0.811 0.770 0.507 0.438 0.308
Pay: 0.544 0.258 0.709 0.877 0.930 0.609 0.534 0.298 0.786
Limit: 0.000 0.000 0.000 0.000 0.314 0.211 0.235 0.070 0.125
10.276381
AVG: 6.189 4.982 5.601 9.857 11.578 14.430 15.922 5.660 9.629
Reg: 0.329 0.445 0.444 0.878 0.901 0.838 0.684 0.243 0.736
Pac: 0.319 0.229 0.355 0.257 0.348 0.435 0.586 0.275 0.413
Che: 0.254 0.312 0.348 0.714 0.800 0.738 0.784 0.202 0.580
Pay: 0.339 0.379 0.737 0.793 0.764 0.538 0.705 0.204 0.687
Limit: 0.000 0.000 0.000 0.000 0.000 0.125 0.178 0.000 0.042
9.781252
AVG: 7.839 5.098 5.162 6.472 11.438 15.122 30.126 21.798 9.296
Reg: 0.600 0.469 0.352 0.409 0.594 0.961 0.500 0.500 0.341
Pac: 0.424 0.268 0.459 0.186 0.317 0.240 0.430 0.462 0.272
Che: 0.475 0.313 0.582 0.406 0.505 0.555 0.581 0.486 0.384
Pay: 0.374 0.477 0.889 0.449 0.630 0.503 0.474 0.457 0.491
Limit: 0.000 0.000 0.000 0.000 0.105 0.118 1.000 0.651 0.000
13.450444
AVG: 8.704 5.088 4.061 9.700 22.454 23.422 26.185 8.206 6.442
Reg: 0.503 0.407 0.351 0.748 0.914 1.000 0.500 0.520 0.515
Pac: 0.346 0.312 0.337 0.397 0.614 0.367 0.496 0.287 0.240
Che: 0.306 0.330 0.397 0.749 0.994 0.703 0.567 0.457 0.304
Pay: 0.277 0.270 0.679 0.700 0.987 1.000 0.652 0.455 0.505
Limit: 0.000 0.000 0.000 0.000 0.560 0.682 0.575 0.000 0.000
12.641235
AVG: 7.731 5.699 7.318 5.682 23.159 39.934 16.199 5.620 8.433
Reg: 0.583 0.451 0.705 0.604 1.000 1.000 0.558 0.573 0.442
Pac: 0.357 0.283 0.497 0.319 0.352 0.459 0.351 0.336 0.309
Che: 0.418 0.338 0.730 0.451 0.893 0.962 0.748 0.408 0.398
Pay: 0.582 0.292 0.871 0.812 0.874 0.833 0.610 0.348 0.616
Limit: 0.000 0.000 0.000 0.000 0.583 1.000 0.256 0.000 0.000
12.165863
AVG: 8.223 5.069 4.668 6.962 20.338 10.956 8.534 6.590 7.951
Reg: 0.541 0.380 0.439 0.694 0.866 0.722 0.505 0.452 0.588
Pac: 0.538 0.318 0.359 0.272 0.429 0.296 0.468 0.389 0.257
Che: 0.469 0.329 0.624 0.759 0.846 0.601 0.454 0.404 0.381
Pay: 0.541 0.345 0.688 0.914 0.865 0.963 0.382 0.345 0.596
Limit: 0.000 0.000 0.000 0.000 0.556 0.087 0.000 0.000 0.000
8.407714
AVG: 7.487 5.150 4.173 8.070 13.449 16.565 6.333 4.054 7.555
Reg: 0.418 0.378 0.409 0.674 0.762 0.924 0.456 0.234 0.490
Pac: 0.316 0.346 0.233 0.385 0.325 0.383 0.319 0.234 0.301
Che: 0.323 0.306 0.574 0.665 0.796 0.578 0.552 0.221 0.373
Pay: 0.223 0.264 0.627 0.854 0.812 0.646 0.393 0.211 0.571
Limit: 0.000 0.000 0.000 0.000 0.077 0.333 0.030 0.000 0.000
7.708534
AVG: 7.729 7.543 5.358 13.202 14.378 18.241 20.133 5.811 7.574
Reg: 0.512 0.568 0.379 0.862 1.502 0.818 0.580 0.575 0.533
Pac: 0.418 0.351 0.342 0.299 0.618 0.318 0.401 0.416 0.287
Che: 0.399 0.472 0.477 0.518 1.261 0.500 0.730 0.379 0.358
Pay: 0.499 0.434 0.486 1.000 1.092 0.574 0.465 0.379 0.701
Limit: 0.000 0.000 0.000 0.095 0.139 0.417 0.545 0.000 0.000
10.901955
AVG: 6.329 5.238 5.498 7.058 14.243 0.000 9.095 5.355 7.756
Reg: 0.305 0.424 0.544 0.733 1.252 1.272 0.435 0.555 0.417
Pac: 0.225 0.273 0.322 0.358 0.536 0.343 0.385 0.296 0.282
Che: 0.249 0.358 0.505 0.555 0.858 0.950 0.628 0.339 0.247
Pay: 0.262 0.306 0.539 1.216 0.482 0.000 0.941 0.753 0.487
Limit: 0.000 0.000 0.000 0.000 0.043 0.000 0.000 0.000 0.000
7.190868
AVG: 9.858 5.243 4.686 7.713 10.148 7.986 8.991 4.793 8.477
Reg: 0.674 0.336 0.394 0.624 0.943 0.680 0.381 0.426 0.491
Pac: 0.538 0.210 0.289 0.358 0.350 0.370 0.316 0.414 0.383
Che: 0.540 0.376 0.382 0.747 0.775 0.574 0.555 0.391 0.464
Pay: 0.378 0.358 0.565 1.295 0.804 0.711 0.448 0.340 0.696
Limit: 0.000 0.000 0.000 0.000 0.000 0.000 0.059 0.000 0.000
7.392104
AVG: 7.878 6.305 5.216 6.598 22.378 23.326 8.526 18.524 10.588
Reg: 0.741 0.512 0.547 0.631 1.000 0.803 0.367 0.500 0.569
Pac: 0.640 0.284 0.338 0.248 0.326 0.515 0.238 0.286 0.355
Che: 0.559 0.511 0.449 0.559 0.717 0.887 0.517 0.255 0.399
Pay: 0.491 0.464 0.674 0.737 0.944 0.702 0.427 0.201 0.811
Limit: 0.000 0.000 0.000 0.000 0.571 0.571 0.062 0.346 0.000
11.322090
AVG: 6.605 4.560 4.753 7.439 9.944 8.271 6.231 3.920 8.043
Reg: 0.347 0.302 0.491 0.403 0.754 0.694 0.352 0.321 0.665
Pac: 0.314 0.282 0.341 0.196 0.394 0.279 0.294 0.264 0.448
Che: 0.294 0.408 0.462 0.546 0.777 0.578 0.477 0.297 0.645
Pay: 0.327 0.320 0.778 0.512 0.746 0.603 0.260 0.302 0.941
Limit: 0.000 0.000 0.000 0.000 0.000 0.000 0.000 0.000 0.000
6.487529
AVG: 7.110 6.428 5.752 7.589 9.605 12.295 6.449 4.899 7.567
Reg: 0.372 0.512 0.625 0.553 1.421 1.305 0.681 0.332 0.488
Pac: 0.412 0.271 0.446 0.272 0.334 0.419 0.409 0.307 0.408
Che: 0.241 0.429 0.518 0.492 0.801 0.925 0.693 0.314 0.538
Pay: 0.183 0.492 0.740 0.880 0.767 0.824 0.632 0.335 0.687
Limit: 0.000 0.000 0.000 0.000 0.000 0.000 0.000 0.000 0.000
7.236615
AVG: 8.290 5.627 4.090 7.390 0.000 11.136 18.068 4.468 5.856
Reg: 0.543 0.451 0.277 0.715 0.812 1.000 0.368 0.334 0.460
Pac: 0.473 0.264 0.315 0.370 0.403 0.530 0.451 0.273 0.228
Che: 0.358 0.351 0.352 0.608 0.686 0.596 0.620 0.319 0.454
Pay: 0.386 0.389 0.572 0.960 0.000 0.991 1.100 0.240 0.777
Limit: 0.000 0.000 0.000 0.000 0.000 0.000 0.533 0.000 0.000
9.275466
AVG: 6.434 5.702 4.831 7.798 12.603 19.102 18.503 5.097 7.329
Reg: 0.354 0.614 0.436 0.745 0.705 1.000 0.510 0.539 0.445
Pac: 0.310 0.363 0.462 0.305 0.322 0.374 0.532 0.330 0.254
Che: 0.368 0.387 0.648 0.852 0.684 0.956 0.704 0.237 0.419
Pay: 0.382 0.339 0.968 0.911 0.834 0.704 0.561 0.354 0.986
Limit: 0.000 0.000 0.000 0.000 0.069 0.381 0.426 0.000 0.000
9.716099
AVG: 8.883 5.991 4.492 6.883 16.841 27.886 13.194 5.516 6.526
Reg: 0.562 0.478 0.363 0.458 0.990 1.000 0.530 0.347 0.478
Pac: 0.642 0.302 0.368 0.172 0.248 0.305 0.520 0.202 0.465
Che: 0.550 0.518 0.536 0.635 0.650 0.747 0.622 0.345 0.407
Pay: 0.341 0.408 0.864 0.656 0.913 0.549 0.466 0.286 0.839
Limit: 0.000 0.000 0.000 0.000 0.263 1.000 0.200 0.000 0.000
9.853233
AVG: 8.363 7.338 5.676 7.024 25.448 28.797 19.250 5.969 9.335
Reg: 0.574 0.514 0.527 0.414 1.000 1.000 0.592 0.544 0.412
Pac: 0.341 0.310 0.343 0.205 0.358 0.515 0.470 0.410 0.377
Che: 0.349 0.512 0.606 0.375 0.771 0.955 0.784 0.383 0.354
Pay: 0.300 0.467 0.890 0.550 0.719 0.788 0.798 0.416 0.614
Limit: 0.000 0.000 0.000 0.000 0.800 1.000 0.471 0.000 0.000
12.361888
AVG: 7.984 4.744 4.967 7.370 13.632 13.837 19.234 11.890 9.325
Reg: 0.614 0.337 0.449 0.609 0.751 0.868 0.500 0.487 0.465
Pac: 0.453 0.232 0.372 0.247 0.354 0.258 0.379 0.388 0.323
Che: 0.405 0.329 0.566 0.532 0.767 0.681 0.434 0.451 0.443
Pay: 0.509 0.384 0.807 0.618 0.756 0.469 0.287 0.487 0.789
Limit: 0.000 0.000 0.000 0.000 0.222 0.100 0.344 0.190 0.000
10.128196
AVG: 8.371 5.933 4.502 8.395 10.903 14.200 11.169 5.932 9.664
Reg: 0.597 0.360 0.444 0.669 0.811 0.952 0.733 0.471 0.649
Pac: 0.447 0.238 0.313 0.375 0.363 0.341 0.435 0.427 0.427
Che: 0.408 0.355 0.566 0.703 0.864 0.715 0.620 0.560 0.469
Pay: 0.471 0.265 0.689 0.729 0.797 0.786 0.242 0.540 0.574
Limit: 0.000 0.000 0.000 0.000 0.000 0.000 0.056 0.000 0.000
8.459461
AVG: 5.900 4.552 5.455 9.952 26.751 17.314 13.537 14.687 22.366
Reg: 0.437 0.416 0.513 0.848 0.855 0.755 0.438 0.500 0.500
Pac: 0.240 0.251 0.395 0.419 0.425 0.346 0.416 0.276 0.247
Che: 0.315 0.323 0.616 0.572 1.000 0.981 0.555 0.384 0.311
Pay: 0.478 0.329 0.792 0.822 1.000 1.000 0.480 0.341 0.497
Limit: 0.000 0.000 0.000 0.043 0.680 0.320 0.135 0.206 0.591
13.600495
AVG: 7.476 4.766 5.172 7.206 9.581 18.388 7.878 4.514 9.033
Reg: 0.495 0.351 0.475 0.636 0.846 0.501 0.332 0.257 0.803
Pac: 0.343 0.254 0.410 0.276 0.360 0.347 0.325 0.269 0.359
Che: 0.450 0.344 0.462 0.756 0.681 0.850 0.561 0.261 0.410
Pay: 0.516 0.233 0.939 0.819 0.899 0.790 0.523 0.247 0.806
Limit: 0.000 0.000 0.000 0.000 0.000 0.400 0.000 0.000 0.000
7.886837
AVG: 8.494 6.371 4.747 7.895 12.452 24.203 7.664 5.460 6.601
Reg: 0.568 0.429 0.392 0.483 0.994 1.000 0.590 0.480 0.520
Pac: 0.310 0.330 0.399 0.249 0.421 0.323 0.384 0.351 0.382
Che: 0.381 0.489 0.442 0.636 0.839 0.653 0.665 0.319 0.439
Pay: 0.239 0.401 0.825 0.905 0.990 0.555 0.593 0.371 0.892
Limit: 0.000 0.000 0.000 0.000 0.077 0.889 0.070 0.000 0.000
8.410676
AVG: 8.184 5.054 5.505 9.150 18.127 10.768 8.326 4.918 7.624
Reg: 0.555 0.364 0.577 0.715 0.574 0.778 0.476 0.382 0.400
Pac: 0.581 0.377 0.408 0.310 0.455 0.360 0.354 0.437 0.248
Che: 0.431 0.403 0.566 0.723 0.707 0.815 0.641 0.331 0.398
Pay: 0.332 0.391 0.634 0.922 0.769 0.936 0.421 0.280 0.519
Limit: 0.000 0.000 0.000 0.000 0.316 0.000 0.075 0.000 0.000
7.935474
AVG: 9.235 5.483 4.199 7.828 10.889 13.833 9.446 6.397 5.992
Reg: 0.584 0.519 0.309 0.627 0.604 0.886 0.403 0.409 0.314
Pac: 0.462 0.314 0.322 0.412 0.430 0.350 0.391 0.363 0.191
Che: 0.458 0.457 0.467 0.652 0.773 0.771 0.480 0.357 0.288
Pay: 0.384 0.500 0.804 0.887 0.779 0.715 0.453 0.308 0.543
Limit: 0.000 0.000 0.000 0.000 0.000 0.125 0.053 0.000 0.000
7.680349
AVG: 7.923 5.349 4.651 8.013 16.894 24.675 7.405 5.448 7.394
Reg: 0.537 0.374 0.535 0.662 0.895 0.566 0.396 0.461 0.344
Pac: 0.304 0.322 0.375 0.379 0.383 0.269 0.425 0.388 0.272
Che: 0.376 0.419 0.479 0.557 0.947 1.000 0.552 0.461 0.327
Pay: 0.393 0.486 0.775 0.655 0.954 0.894 0.515 0.580 0.468
Limit: 0.000 0.000 0.000 0.000 0.263 0.735 0.000 0.000 0.000
9.408759
AVG: 8.278 6.733 5.184 7.901 10.455 16.718 18.675 5.412 12.959
Reg: 0.619 0.587 0.570 0.528 0.956 1.000 0.489 0.333 0.500
Pac: 0.477 0.362 0.334 0.250 0.305 0.331 0.294 0.299 0.356
Che: 0.471 0.474 0.585 0.619 0.739 0.781 0.558 0.329 0.350
Pay: 0.398 0.470 0.880 0.839 0.713 0.747 0.426 0.375 0.544
Limit: 0.000 0.000 0.000 0.000 0.000 0.167 0.474 0.000 0.087
10.586915
AVG: 8.599 4.592 5.646 11.793 11.813 9.167 7.505 5.282 7.875
Reg: 0.428 0.277 0.394 0.847 1.001 1.097 0.314 0.562 0.496
Pac: 0.423 0.227 0.320 0.483 0.372 0.425 0.334 0.422 0.260
Che: 0.443 0.261 0.530 0.807 0.782 0.797 0.612 0.426 0.499
Pay: 0.371 0.281 0.557 1.205 1.350 1.087 0.461 0.322 0.999
Limit: 0.000 0.000 0.000 0.029 0.000 0.000 0.029 0.000 0.000
7.997470
AVG: 8.405 6.511 5.065 7.505 14.780 16.707 25.071 14.163 6.854
Reg: 0.752 0.388 0.463 0.613 0.692 1.000 0.500 0.474 0.267
Pac: 0.488 0.353 0.369 0.255 0.427 0.392 0.368 0.359 0.165
Che: 0.497 0.412 0.435 0.387 0.904 0.953 0.700 0.457 0.322
Pay: 0.381 0.357 0.838 0.449 0.907 0.740 0.719 0.340 0.772
Limit: 0.042 0.000 0.000 0.000 0.190 0.308 0.714 0.128 0.045
12.361452
AVG: 8.515 4.715 4.605 10.690 20.853 10.569 5.144 6.013 8.148
Reg: 0.569 0.361 0.427 0.796 0.968 0.663 0.279 0.526 0.538
Pac: 0.473 0.248 0.271 0.390 0.443 0.333 0.325 0.488 0.369
Che: 0.396 0.409 0.473 0.843 0.951 0.663 0.311 0.575 0.375
Pay: 0.277 0.372 0.919 0.526 0.884 0.608 0.415 0.365 1.049
Limit: 0.000 0.000 0.000 0.037 0.533 0.000 0.000 0.000 0.000
8.358496
AVG: 10.039 5.373 4.422 6.071 18.179 39.725 29.029 7.162 6.908
Reg: 0.722 0.518 0.453 0.586 1.000 1.000 0.722 0.444 0.558
Pac: 0.540 0.310 0.413 0.291 0.261 0.315 0.591 0.452 0.263
Che: 0.504 0.524 0.616 0.724 0.630 0.610 0.748 0.329 0.506
Pay: 0.355 0.384 0.844 0.999 0.742 0.412 0.736 0.455 0.766
Limit: 0.000 0.000 0.000 0.000 0.400 1.000 0.978 0.029 0.000
12.831563
AVG: 9.028 4.906 5.170 7.049 11.377 9.709 10.639 5.045 6.461
Reg: 0.379 0.356 0.405 0.464 0.712 0.795 0.450 0.627 0.263
Pac: 0.297 0.216 0.414 0.258 0.393 0.469 0.403 0.392 0.150
Che: 0.356 0.292 0.475 0.522 0.754 0.670 0.758 0.434 0.232
Pay: 0.233 0.235 0.571 0.589 0.710 0.455 0.484 0.482 0.510
Limit: 0.000 0.000 0.000 0.000 0.091 0.000 0.163 0.000 0.000
7.524258
AVG: 6.747 5.618 4.870 8.805 20.131 21.729 26.496 16.047 8.662
Reg: 0.349 0.542 0.462 0.744 0.770 0.898 0.687 0.470 0.569
Pac: 0.322 0.346 0.361 0.303 0.441 0.291 0.627 0.433 0.476
Che: 0.276 0.561 0.518 0.599 0.866 0.995 0.571 0.500 0.436
Pay: 0.443 0.412 0.704 0.784 0.769 0.766 0.634 0.347 0.844
Limit: 0.000 0.000 0.000 0.000 0.571 0.724 0.882 0.182 0.000
13.082627
AVG: 10.475 4.356 4.097 9.706 14.311 13.192 11.166 5.673 7.577
Reg: 0.649 0.276 0.334 0.717 0.719 0.985 0.565 0.358 0.330
Pac: 0.458 0.237 0.277 0.326 0.380 0.356 0.425 0.373 0.226
Che: 0.427 0.356 0.417 0.857 0.695 0.673 0.688 0.372 0.332
Pay: 0.371 0.298 0.626 0.963 0.880 0.630 0.697 0.367 0.712
Limit: 0.040 0.000 0.000 0.000 0.192 0.174 0.093 0.000 0.000
8.905935
AVG: 7.517 4.872 4.738 10.674 12.645 11.737 8.327 4.889 9.034
Reg: 0.422 0.446 0.288 0.774 0.916 0.840 0.509 0.346 0.556
Pac: 0.401 0.208 0.294 0.404 0.349 0.480 0.533 0.372 0.332
Che: 0.484 0.348 0.354 0.768 0.701 0.860 0.591 0.326 0.479
Pay: 0.448 0.263 0.577 0.849 0.878 0.802 0.433 0.267 0.702
Limit: 0.000 0.000 0.000 0.034 0.074 0.042 0.000 0.000 0.000
8.020609
AVG: 6.854 5.903 4.427 7.631 12.152 22.956 28.915 5.196 8.172
Reg: 0.508 0.518 0.351 0.494 0.868 1.000 0.708 0.408 0.369
Pac: 0.524 0.346 0.349 0.385 0.328 0.442 0.585 0.415 0.371
Che: 0.434 0.389 0.427 0.681 0.714 0.721 0.763 0.294 0.377
Pay: 0.549 0.365 0.915 0.748 0.778 0.731 0.576 0.358 0.452
Limit: 0.000 0.000 0.000 0.000 0.103 0.714 0.717 0.000 0.000
11.637659
AVG: 8.315 5.023 4.986 7.358 12.303 8.778 7.494 5.198 7.127
Reg: 0.381 0.397 0.443 0.591 0.970 0.851 0.551 0.340 0.449
Pac: 0.417 0.278 0.387 0.225 0.501 0.345 0.312 0.420 0.249
Che: 0.228 0.407 0.472 0.619 0.926 0.772 0.540 0.327 0.436
Pay: 0.224 0.343 0.652 0.759 0.676 1.000 0.652 0.379 0.943
Limit: 0.000 0.000 0.000 0.000 0.040 0.000 0.000 0.000 0.000
7.056393
AVG: 9.698 5.371 4.792 9.789 13.163 28.242 16.987 5.178 7.584
Reg: 0.606 0.454 0.378 0.668 1.000 1.000 0.615 0.355 0.606
Pac: 0.598 0.257 0.351 0.375 0.276 0.411 0.589 0.316 0.321
Che: 0.611 0.324 0.497 0.689 0.678 0.738 0.809 0.321 0.426
Pay: 0.461 0.446 0.768 0.728 0.793 0.748 0.639 0.333 0.693
Limit: 0.000 0.000 0.000 0.080 0.107 0.800 0.327 0.000 0.000
10.909212
AVG: 8.759 10.278 5.123 9.329 12.014 10.302 10.731 4.782 8.074
Reg: 0.702 0.579 0.300 0.754 0.635 0.787 0.399 0.390 0.449
Pac: 0.463 0.500 0.315 0.364 0.476 0.477 0.488 0.372 0.276
Che: 0.349 0.557 0.462 0.853 0.908 0.717 0.754 0.356 0.312
Pay: 0.421 0.456 1.000 0.879 0.806 0.745 0.529 0.342 0.940
Limit: 0.000 0.028 0.000 0.034 0.032 0.000 0.122 0.000 0.042
8.669062
AVG: 7.663 5.591 4.653 6.334 14.069 15.157 10.631 5.685 8.469
Reg: 0.538 0.525 0.436 0.644 1.247 0.894 0.552 0.370 0.568
Pac: 0.339 0.380 0.446 0.249 0.415 0.328 0.379 0.375 0.374
Che: 0.365 0.485 0.615 0.759 0.986 0.992 0.687 0.392 0.607
Pay: 0.408 0.399 0.843 0.973 1.000 1.000 0.678 0.284 0.906
Limit: 0.000 0.000 0.000 0.000 0.143 0.200 0.205 0.000 0.000
8.283352
AVG: 11.150 5.528 4.899 8.282 9.907 11.392 9.121 6.246 9.273
Reg: 0.783 0.369 0.378 0.530 0.906 0.889 0.600 0.539 0.564
Pac: 0.547 0.217 0.408 0.235 0.319 0.490 0.402 0.381 0.371
Che: 0.510 0.363 0.489 0.622 0.790 0.738 0.618 0.358 0.400
Pay: 0.442 0.223 0.766 0.761 0.660 0.492 0.323 0.419 0.810
Limit: 0.100 0.000 0.000 0.000 0.000 0.000 0.103 0.000 0.000
8.214757
AVG: 7.546 5.634 4.766 7.782 13.356 11.740 23.865 10.882 7.014
Reg: 0.428 0.355 0.343 0.734 0.910 0.851 0.500 0.461 0.386
Pac: 0.601 0.367 0.389 0.267 0.377 0.474 0.379 0.442 0.170
Che: 0.430 0.370 0.436 0.654 0.723 0.814 0.459 0.436 0.319
Pay: 0.498 0.456 0.833 0.829 0.998 0.748 0.480 0.439 0.411
Limit: 0.000 0.000 0.000 0.000 0.042 0.038 0.733 0.174 0.000
10.388407
AVG: 8.745 5.472 4.219 6.427 12.460 29.655 21.929 5.459 8.748
Reg: 0.541 0.373 0.371 0.415 0.719 1.000 0.426 0.414 0.643
Pac: 0.530 0.224 0.325 0.264 0.264 0.529 0.507 0.275 0.417
Che: 0.436 0.335 0.493 0.549 0.821 0.885 0.840 0.400 0.495
Pay: 0.410 0.402 0.757 0.609 0.639 0.448 0.618 0.353 0.932
Limit: 0.000 0.000 0.000 0.000 0.083 0.895 0.681 0.000 0.000
11.485151
AVG: 8.741 5.385 5.611 9.196 0.000 13.696 38.075 22.842 7.835
Reg: 0.509 0.444 0.507 0.601 0.947 0.989 0.376 0.379 0.737
Pac: 0.281 0.286 0.493 0.302 0.486 0.366 0.352 0.337 0.441
Che: 0.165 0.365 0.711 0.566 0.724 0.493 0.657 0.703 0.485
Pay: 0.204 0.284 0.913 0.557 0.000 0.990 0.665 0.661 1.033
Limit: 0.000 0.000 0.000 0.034 0.000 0.219 0.974 0.613 0.000
15.279849
AVG: 8.906 4.455 4.659 9.071 13.460 19.767 13.113 8.517 7.441
Reg: 0.560 0.415 0.366 0.505 0.992 0.954 0.500 0.325 0.575
Pac: 0.336 0.194 0.277 0.389 0.555 0.536 0.430 0.279 0.396
Che: 0.441 0.338 0.563 0.867 0.790 0.923 0.636 0.429 0.451
Pay: 0.287 0.373 0.692 0.928 0.999 1.039 0.546 0.297 0.588
Limit: 0.000 0.000 0.000 0.000 0.143 0.462 0.068 0.000 0.000
10.084357
AVG: 8.523 7.032 5.150 8.053 0.000 0.000 12.645 11.059 9.187
Reg: 0.529 0.411 0.349 0.693 0.565 0.938 0.500 0.501 0.647
Pac: 0.458 0.309 0.284 0.329 0.308 0.231 0.395 0.311 0.339
Che: 0.412 0.444 0.466 0.732 0.807 0.560 0.600 0.407 0.404
Pay: 0.260 0.278 0.632 1.378 0.000 0.000 0.962 0.507 0.592
Limit: 0.000 0.000 0.000 0.000 0.000 0.000 0.098 0.048 0.000
9.881125
AVG: 7.001 5.032 5.072 8.059 7.635 16.651 9.408 5.616 6.644
Reg: 0.400 0.299 0.403 0.580 0.446 1.000 0.437 0.463 0.393
Pac: 0.396 0.260 0.320 0.305 0.161 0.315 0.399 0.443 0.362
Che: 0.443 0.346 0.419 0.745 0.361 0.746 0.718 0.410 0.418
Pay: 0.430 0.486 0.703 0.815 0.513 0.565 0.573 0.411 0.667
Limit: 0.000 0.000 0.000 0.000 0.000 0.421 0.150 0.000 0.000
7.536744
AVG: 6.795 4.559 5.152 6.824 20.649 26.183 12.874 4.887 8.255
Reg: 0.433 0.312 0.356 0.637 0.848 1.000 0.492 0.427 0.567
Pac: 0.279 0.318 0.365 0.265 0.407 0.547 0.377 0.327 0.250
Che: 0.318 0.419 0.383 0.553 1.000 0.837 0.772 0.289 0.477
Pay: 0.253 0.462 0.827 0.740 0.991 0.952 0.677 0.465 0.745
Limit: 0.000 0.000 0.000 0.000 0.571 0.783 0.273 0.000 0.000
10.370093
AVG: 8.590 4.865 4.300 9.970 11.351 13.821 23.952 5.212 9.305
Reg: 0.532 0.511 0.429 0.887 0.813 0.924 0.489 0.298 0.635
Pac: 0.572 0.261 0.464 0.419 0.524 0.412 0.542 0.384 0.411
Che: 0.490 0.417 0.666 0.779 1.033 0.640 0.924 0.340 0.507
Pay: 0.501 0.375 0.892 0.822 1.000 0.561 0.673 0.452 0.956
Limit: 0.000 0.000 0.000 0.028 0.045 0.250 0.630 0.000 0.000
10.220899
AVG: 7.315 5.354 4.914 15.682 14.423 13.355 7.844 4.843 7.847
Reg: 0.436 0.371 0.525 0.594 0.988 1.302 0.359 0.497 0.423
Pac: 0.356 0.375 0.431 0.312 0.307 0.411 0.260 0.416 0.300
Che: 0.341 0.493 0.662 0.630 1.090 0.950 0.511 0.440 0.337
Pay: 0.208 0.450 0.743 0.764 0.749 0.662 0.482 0.350 0.674
Limit: 0.000 0.000 0.000 0.333 0.077 0.105 0.030 0.000 0.000
8.280935
AVG: 7.996 5.005 5.876 7.744 8.748 13.373 33.405 9.177 6.785
Reg: 0.478 0.410 0.479 0.587 0.636 1.000 0.695 0.447 0.360
Pac: 0.354 0.229 0.526 0.328 0.359 0.281 0.630 0.364 0.296
Che: 0.309 0.484 0.597 0.712 0.615 0.655 0.966 0.566 0.439
Pay: 0.317 0.261 0.670 0.710 0.955 0.803 0.577 0.465 0.557
Limit: 0.000 0.000 0.000 0.000 0.000 0.261 1.000 0.109 0.000
11.888789
AVG: 8.860 6.805 4.816 7.029 13.015 9.983 9.875 5.010 7.512
Reg: 0.502 0.520 0.413 0.357 0.655 0.778 0.376 0.375 0.365
Pac: 0.470 0.403 0.284 0.194 0.316 0.367 0.392 0.350 0.272
Che: 0.356 0.500 0.613 0.405 0.940 0.798 0.650 0.354 0.329
Pay: 0.280 0.467 0.828 0.479 0.828 0.905 0.564 0.449 0.398
Limit: 0.000 0.000 0.000 0.000 0.091 0.000 0.087 0.000 0.000
7.651376
AVG: 6.935 4.868 4.521 7.727 10.953 12.955 13.019 4.587 6.894
Reg: 0.452 0.278 0.464 0.727 0.781 0.957 0.417 0.386 0.509
Pac: 0.317 0.323 0.287 0.255 0.426 0.346 0.346 0.258 0.222
Che: 0.376 0.401 0.511 0.616 0.593 0.793 0.552 0.366 0.312
Pay: 0.343 0.325 0.628 0.950 0.922 0.428 0.407 0.225 0.835
Limit: 0.000 0.000 0.000 0.000 0.036 0.000 0.091 0.000 0.000
7.902014
AVG: 8.742 5.174 4.496 11.237 25.385 16.226 9.883 4.803 6.656
Reg: 0.502 0.494 0.383 0.845 0.745 0.772 0.457 0.439 0.453
Pac: 0.270 0.299 0.378 0.444 0.414 0.335 0.459 0.440 0.185
Che: 0.447 0.326 0.589 0.783 0.978 0.698 0.769 0.335 0.193
Pay: 0.420 0.392 0.819 0.956 0.988 1.000 0.593 0.291 0.680
Limit: 0.000 0.000 0.000 0.029 1.000 0.417 0.038 0.000 0.000
9.295259
AVG: 7.614 6.476 5.579 8.499 18.558 17.722 24.509 6.790 8.585
Reg: 0.529 0.550 0.470 0.739 0.838 1.000 0.747 0.618 0.432
Pac: 0.500 0.312 0.367 0.354 0.589 0.372 0.576 0.357 0.347
Che: 0.492 0.491 0.429 0.707 0.909 0.911 0.794 0.296 0.340
Pay: 0.232 0.364 0.686 0.780 0.852 0.820 0.596 0.250 0.957
Limit: 0.000 0.000 0.000 0.000 0.381 0.333 0.681 0.000 0.000
11.868790
AVG: 8.125 5.927 5.001 7.929 12.452 18.329 8.659 4.348 7.135
Reg: 0.632 0.398 0.418 0.706 0.798 0.900 0.407 0.355 0.334
Pac: 0.517 0.226 0.321 0.308 0.554 0.438 0.420 0.222 0.226
Che: 0.534 0.388 0.584 0.655 0.912 0.728 0.666 0.292 0.267
Pay: 0.343 0.454 0.961 0.825 0.901 1.000 0.569 0.312 0.456
Limit: 0.000 0.000 0.000 0.000 0.043 0.385 0.000 0.000 0.000
8.362907
AVG: 10.511 5.327 4.193 7.860 9.157 13.878 22.290 7.498 7.390
Reg: 0.651 0.467 0.540 0.594 0.597 0.928 0.500 0.554 0.321
Pac: 0.557 0.300 0.347 0.229 0.222 0.314 0.699 0.501 0.323
Che: 0.441 0.619 0.504 0.674 0.498 0.711 0.713 0.467 0.487
Pay: 0.381 0.412 0.927 0.762 0.723 0.668 0.586 0.425 0.724
Limit: 0.077 0.000 0.000 0.000 0.000 0.263 0.622 0.000 0.000
9.783122
AVG: 8.786 5.295 4.325 7.921 7.730 20.051 11.312 3.776 8.376
Reg: 0.571 0.429 0.445 0.590 0.556 1.000 0.395 0.214 0.193
Pac: 0.481 0.264 0.347 0.367 0.387 0.302 0.348 0.241 0.280
Che: 0.437 0.399 0.388 0.634 0.738 0.654 0.510 0.223 0.230
Pay: 0.411 0.394 0.763 0.938 0.974 1.000 0.517 0.318 0.336
Limit: 0.000 0.000 0.000 0.000 0.000 0.556 0.293 0.000 0.000
8.216612
AVG: 9.859 6.608 4.099 9.034 13.158 19.812 14.444 13.325 11.398
Reg: 0.649 0.445 0.358 0.747 0.838 0.860 0.500 0.500 0.255
Pac: 0.454 0.318 0.289 0.353 0.479 0.198 0.484 0.440 0.251
Che: 0.427 0.444 0.355 0.657 0.950 0.736 0.690 0.358 0.432
Pay: 0.287 0.425 0.674 0.803 0.995 0.875 0.479 0.491 0.437
Limit: 0.067 0.000 0.000 0.000 0.115 0.385 0.150 0.051 0.154
11.141265
AVG: 8.008 5.725 5.258 7.136 11.984 18.732 20.128 6.443 7.084
Reg: 0.458 0.277 0.495 0.682 0.764 0.932 0.444 0.473 0.592
Pac: 0.446 0.210 0.431 0.270 0.346 0.480 0.410 0.415 0.254
Che: 0.340 0.217 0.510 0.722 0.703 0.693 0.719 0.397 0.462
Pay: 0.482 0.218 0.770 0.971 1.000 0.605 0.539 0.410 0.949
Limit: 0.000 0.045 0.000 0.000 0.036 0.500 0.419 0.000 0.000
10.509227
AVG: 6.396 6.527 4.747 6.938 10.184 9.444 6.214 4.666 8.132
Reg: 0.444 0.278 0.392 0.550 0.469 0.988 0.416 0.439 0.510
Pac: 0.372 0.277 0.357 0.351 0.267 0.323 0.345 0.314 0.391
Che: 0.349 0.437 0.507 0.719 0.433 0.850 0.571 0.328 0.473
Pay: 0.531 0.409 0.858 0.895 0.638 0.686 0.575 0.321 0.685
Limit: 0.000 0.000 0.000 0.000 0.000 0.000 0.000 0.000 0.033
6.832775
AVG: 8.650 6.063 4.687 8.491 15.966 18.007 14.683 8.076 8.063
Reg: 0.591 0.638 0.428 0.724 0.969 0.637 0.500 0.317 0.535
Pac: 0.463 0.300 0.368 0.317 0.601 0.440 0.321 0.280 0.360
Che: 0.570 0.373 0.487 0.638 0.880 0.807 0.443 0.413 0.460
Pay: 0.467 0.291 1.000 0.912 0.994 1.000 0.394 0.437 0.793
Limit: 0.000 0.000 0.000 0.000 0.176 0.174 0.057 0.059 0.000
10.122493
AVG: 7.905 4.667 4.500 11.093 10.140 10.012 5.245 5.066 8.965
Reg: 0.513 0.542 0.218 0.777 1.048 0.772 0.621 0.473 0.425
Pac: 0.440 0.271 0.275 0.363 0.439 0.399 0.431 0.337 0.347
Che: 0.388 0.523 0.392 0.739 1.047 1.137 0.742 0.331 0.366
Pay: 0.408 0.342 0.639 0.811 1.374 0.965 0.410 0.445 0.709
Limit: 0.040 0.000 0.000 0.059 0.000 0.000 0.000 0.000 0.000
7.163549
AVG: 7.816 5.973 5.091 11.247 8.978 12.088 8.364 8.390 14.297
Reg: 0.558 0.366 0.485 0.938 0.567 0.867 0.239 0.485 0.500
Pac: 0.291 0.307 0.358 0.445 0.169 0.339 0.308 0.458 0.395
Che: 0.348 0.508 0.568 0.518 0.644 0.762 0.422 0.328 0.480
Pay: 0.410 0.322 0.825 0.805 0.595 0.719 0.382 0.341 0.980
Limit: 0.000 0.000 0.000 0.133 0.000 0.000 0.031 0.000 0.038
9.999381
AVG: 7.652 7.075 5.786 6.361 14.940 14.096 30.556 35.835 10.090
Reg: 0.478 0.627 0.570 0.597 0.824 0.883 0.921 0.355 0.654
Pac: 0.427 0.358 0.371 0.315 0.386 0.479 0.755 0.245 0.310
Che: 0.413 0.551 0.522 0.598 0.914 0.893 0.620 0.500 0.558
Pay: 0.329 0.500 0.684 0.861 0.768 0.964 0.388 0.451 0.940
Limit: 0.000 0.000 0.000 0.000 0.067 0.091 0.844 0.980 0.026
15.790885
AVG: 6.333 5.111 5.267 6.837 13.218 10.263 6.876 4.385 8.271
Reg: 0.350 0.392 0.380 0.682 1.384 0.505 0.412 0.301 0.558
Pac: 0.347 0.270 0.284 0.296 0.533 0.348 0.383 0.314 0.294
Che: 0.354 0.355 0.302 0.664 1.039 0.655 0.555 0.306 0.374
Pay: 0.222 0.475 0.574 0.820 1.000 1.000 0.474 0.344 0.526
Limit: 0.000 0.000 0.000 0.000 0.130 0.000 0.026 0.000 0.000
7.282559
AVG: 8.268 5.707 5.691 10.115 9.283 12.539 11.667 10.341 13.631
Reg: 0.587 0.448 0.555 0.913 0.692 0.835 0.490 0.470 0.492
Pac: 0.303 0.309 0.486 0.285 0.376 0.489 0.360 0.466 0.151
Che: 0.355 0.350 0.525 0.911 0.732 0.810 0.646 0.329 0.237
Pay: 0.330 0.373 1.145 0.800 1.061 0.598 0.511 0.326 0.486
Limit: 0.000 0.000 0.000 0.040 0.000 0.095 0.000 0.029 0.267
10.986881
AVG: 6.919 4.742 5.060 11.756 14.547 24.014 14.034 4.183 6.154
Reg: 0.509 0.398 0.514 0.734 0.924 0.993 0.533 0.354 0.474
Pac: 0.356 0.280 0.317 0.289 0.273 0.460 0.362 0.277 0.319
Che: 0.387 0.344 0.483 0.679 0.686 0.736 0.674 0.281 0.449
Pay: 0.421 0.307 0.657 0.762 0.958 1.000 0.638 0.232 0.867
Limit: 0.000 0.000 0.000 0.000 0.278 0.692 0.255 0.000 0.000
9.728657
AVG: 7.586 6.799 4.941 10.779 10.843 25.778 29.859 7.515 12.815
Reg: 0.685 0.355 0.478 0.447 0.679 1.000 0.500 0.342 0.358
Pac: 0.406 0.344 0.461 0.370 0.392 0.176 0.449 0.324 0.236
Che: 0.391 0.335 0.391 0.587 0.883 0.520 0.659 0.302 0.357
Pay: 0.372 0.464 0.781 1.307 0.733 0.485 0.563 0.340 0.431
Limit: 0.000 0.057 0.000 0.000 0.040 0.615 0.600 0.000 0.000
12.851244
AVG: 10.556 6.547 4.939 7.509 9.000 8.554 9.908 4.819 8.087
Reg: 0.683 0.312 0.539 0.720 0.489 0.780 0.392 0.265 0.621
Pac: 0.506 0.231 0.430 0.217 0.283 0.394 0.377 0.270 0.331
Che: 0.401 0.397 0.448 0.612 0.585 0.807 0.565 0.333 0.348
Pay: 0.273 0.424 0.718 0.807 0.586 0.828 0.335 0.222 0.963
Limit: 0.000 0.000 0.000 0.000 0.000 0.000 0.000 0.000 0.000
7.594410
AVG: 7.100 5.316 5.263 9.052 15.848 30.215 11.709 4.291 7.414
Reg: 0.468 0.514 0.478 0.833 1.000 0.777 0.478 0.293 0.501
Pac: 0.486 0.347 0.359 0.311 0.233 0.561 0.354 0.259 0.352
Che: 0.458 0.522 0.505 0.693 0.702 0.934 0.668 0.396 0.422
Pay: 0.498 0.456 0.639 0.622 1.000 0.994 0.550 0.365 0.613
Limit: 0.000 0.000 0.000 0.000 0.263 0.931 0.250 0.000 0.000
10.053527
AVG: 7.222 6.057 5.121 8.779 9.984 11.552 7.032 5.128 8.294
Reg: 0.510 0.482 0.437 0.643 0.655 0.605 0.415 0.257 0.637
Pac: 0.387 0.353 0.391 0.234 0.346 0.416 0.341 0.284 0.370
Che: 0.458 0.463 0.514 0.840 0.694 0.769 0.415 0.298 0.575
Pay: 0.314 0.489 0.691 0.894 0.964 0.544 0.390 0.347 0.773
Limit: 0.000 0.000 0.000 0.000 0.000 0.100 0.000 0.000 0.040
7.454753
AVG: 10.837 5.140 4.654 8.446 8.752 25.173 22.675 4.403 6.812
Reg: 0.775 0.344 0.312 0.617 0.644 1.000 0.445 0.413 0.299
Pac: 0.378 0.281 0.275 0.293 0.224 0.309 0.475 0.326 0.206
Che: 0.444 0.407 0.408 0.620 0.505 0.808 0.514 0.366 0.342
Pay: 0.336 0.264 0.313 0.729 0.679 0.583 0.379 0.321 0.727
Limit: 0.000 0.000 0.000 0.000 0.000 0.810 0.730 0.000 0.000
10.683254
AVG: 8.299 4.630 4.976 7.866 11.712 16.749 9.406 6.621 9.461
Reg: 0.540 0.564 0.615 0.634 0.484 0.950 0.460 0.466 0.495
Pac: 0.450 0.288 0.458 0.297 0.346 0.409 0.473 0.453 0.265
Che: 0.369 0.342 0.540 0.581 0.731 0.906 0.786 0.386 0.431
Pay: 0.351 0.492 0.975 0.683 0.663 0.876 0.580 0.317 0.777
Limit: 0.000 0.000 0.000 0.000 0.087 0.250 0.021 0.000 0.034
8.222983
AVG: 8.304 6.074 4.870 7.781 11.659 11.001 4.836 5.074 8.383
Reg: 0.432 0.499 0.431 0.464 0.747 0.614 0.238 0.396 0.519
Pac: 0.467 0.357 0.350 0.344 0.316 0.449 0.323 0.283 0.289
Che: 0.489 0.428 0.496 0.805 0.867 0.781 0.454 0.301 0.462
Pay: 0.363 0.409 0.941 0.812 0.876 0.936 0.313 0.272 0.571
Limit: 0.000 0.000 0.000 0.000 0.069 0.000 0.000 0.000 0.000
7.331001
AVG: 7.875 5.527 4.820 6.667 13.017 20.764 20.588 14.885 6.683
Reg: 0.358 0.353 0.474 0.397 0.480 1.000 0.500 0.441 0.424
Pac: 0.520 0.198 0.346 0.215 0.180 0.239 0.587 0.423 0.203
Che: 0.440 0.349 0.442 0.533 0.793 0.664 0.672 0.530 0.303
Pay: 0.286 0.330 0.774 0.505 0.657 0.706 0.531 0.483 0.552
Limit: 0.000 0.000 0.000 0.000 0.200 0.588 0.409 0.133 0.000
11.600790
AVG: 7.241 5.816 4.899 10.152 10.988 12.329 8.571 4.673 7.398
Reg: 0.365 0.389 0.503 0.567 0.713 0.669 0.416 0.385 0.731
Pac: 0.218 0.255 0.444 0.377 0.320 0.335 0.288 0.252 0.315
Che: 0.339 0.304 0.605 0.815 0.841 0.659 0.597 0.347 0.599
Pay: 0.285 0.235 0.708 0.862 1.160 0.637 0.443 0.330 1.169
Limit: 0.000 0.000 0.000 0.000 0.000 0.000 0.000 0.000 0.000
7.704157
AVG: 7.834 5.069 5.886 6.785 8.325 24.690 21.204 4.816 7.001
Reg: 0.594 0.335 0.507 0.559 0.661 1.000 0.401 0.302 0.397
Pac: 0.458 0.242 0.396 0.321 0.171 0.381 0.474 0.278 0.281
Che: 0.458 0.291 0.628 0.518 0.691 0.821 0.751 0.331 0.434
Pay: 0.421 0.411 0.919 0.991 0.806 0.812 0.468 0.315 0.764
Limit: 0.000 0.000 0.000 0.000 0.000 0.667 0.628 0.000 0.000
10.212410
AVG: 9.304 4.732 4.755 8.310 0.000 10.973 12.383 9.832 6.421
Reg: 0.598 0.469 0.375 0.575 0.928 0.577 0.500 0.584 0.473
Pac: 0.456 0.261 0.342 0.291 0.322 0.321 0.415 0.498 0.309
Che: 0.578 0.460 0.420 0.687 0.480 0.601 0.645 0.448 0.513
Pay: 0.420 0.352 0.447 1.034 0.000 0.984 0.695 0.486 0.855
Limit: 0.000 0.000 0.000 0.000 0.000 0.103 0.000 0.000 0.000
8.551452
AVG: 6.740 4.348 5.109 7.528 8.640 12.358 6.250 5.063 8.358
Reg: 0.220 0.374 0.416 0.619 0.455 0.776 0.475 0.339 0.583
Pac: 0.130 0.249 0.486 0.427 0.280 0.382 0.352 0.393 0.258
Che: 0.210 0.348 0.577 0.760 0.596 0.765 0.514 0.398 0.347
Pay: 0.099 0.333 0.906 0.963 0.663 0.532 0.267 0.358 0.516
Limit: 0.000 0.000 0.000 0.000 0.000 0.000 0.000 0.000 0.000
6.787873
AVG: 8.092 5.969 4.850 9.340 14.091 13.082 11.615 4.872 7.320
Reg: 0.660 0.414 0.461 0.836 0.640 0.834 0.545 0.353 0.387
Pac: 0.427 0.432 0.427 0.418 0.310 0.346 0.347 0.325 0.279
Che: 0.444 0.461 0.548 0.613 1.000 0.772 0.786 0.484 0.246
Pay: 0.466 0.438 0.902 0.777 0.917 0.799 0.570 0.366 0.619
Limit: 0.000 0.000 0.000 0.000 0.130 0.037 0.152 0.000 0.000
8.330179
AVG: 7.271 6.822 5.222 9.292 15.225 26.780 43.263 31.947 14.371
Reg: 0.601 0.613 0.483 0.689 1.000 1.000 0.500 0.500 0.336
Pac: 0.361 0.261 0.390 0.254 0.322 0.414 0.567 0.413 0.338
Che: 0.464 0.448 0.587 0.662 0.712 0.760 0.726 0.446 0.475
Pay: 0.426 0.403 0.904 0.968 0.776 0.945 0.481 0.436 0.670
Limit: 0.000 0.000 0.000 0.000 0.217 1.000 1.000 1.000 0.290
18.510306
AVG: 8.325 5.122 4.722 9.098 20.768 20.282 6.642 5.926 6.847
Reg: 0.503 0.346 0.341 0.919 0.919 0.422 0.457 0.386 0.558
Pac: 0.400 0.284 0.377 0.527 0.474 0.309 0.412 0.328 0.232
Che: 0.367 0.307 0.581 0.857 0.992 0.755 0.583 0.363 0.340
Pay: 0.426 0.405 0.681 0.851 0.977 0.814 0.480 0.235 0.809
Limit: 0.000 0.000 0.000 0.040 0.417 0.500 0.026 0.000 0.000
9.881309
AVG: 8.490 4.842 3.829 8.767 15.014 16.308 12.128 5.664 8.553
Reg: 0.482 0.378 0.361 0.676 0.963 0.861 0.417 0.430 0.598
Pac: 0.336 0.196 0.302 0.291 0.367 0.371 0.409 0.410 0.420
Che: 0.399 0.300 0.529 0.633 0.713 0.903 0.584 0.427 0.533
Pay: 0.381 0.313 0.541 0.826 0.767 0.574 0.412 0.258 0.652
Limit: 0.000 0.000 0.000 0.000 0.208 0.174 0.028 0.027 0.000
8.975384
AVG: 8.084 5.898 5.126 7.537 15.290 14.000 6.207 5.260 6.731
Reg: 0.408 0.486 0.584 0.564 0.840 0.741 0.328 0.353 0.443
Pac: 0.482 0.308 0.447 0.349 0.531 0.504 0.417 0.337 0.353
Che: 0.383 0.414 0.556 0.594 0.949 0.885 0.495 0.408 0.378
Pay: 0.320 0.441 0.878 0.994 1.000 0.959 0.507 0.390 0.679
Limit: 0.000 0.000 0.000 0.000 0.160 0.045 0.000 0.000 0.000
7.769058
AVG: 7.975 4.882 4.662 8.092 14.218 10.784 6.376 4.865 6.535
Reg: 0.418 0.379 0.377 0.682 0.686 0.673 0.242 0.294 0.363
Pac: 0.429 0.301 0.241 0.258 0.409 0.294 0.239 0.220 0.257
Che: 0.401 0.413 0.547 0.688 0.956 0.761 0.321 0.352 0.346
Pay: 0.432 0.440 0.783 0.749 0.917 1.000 0.447 0.290 0.649
Limit: 0.000 0.000 0.000 0.000 0.091 0.000 0.000 0.000 0.000
7.123677
AVG: 7.266 6.370 5.170 6.583 11.711 23.597 26.298 12.970 6.615
Reg: 0.523 0.378 0.500 0.638 0.888 1.000 0.500 0.617 0.490
Pac: 0.443 0.258 0.484 0.333 0.298 0.309 0.523 0.430 0.266
Che: 0.479 0.329 0.570 0.749 0.699 0.761 0.508 0.565 0.338
Pay: 0.431 0.191 0.814 0.982 0.914 0.758 0.320 0.479 0.891
Limit: 0.000 0.000 0.000 0.000 0.034 0.727 0.967 0.255 0.000
11.539564
AVG: 8.510 6.112 4.839 8.450 15.920 30.801 24.443 5.765 9.219
Reg: 0.471 0.630 0.379 0.543 1.000 1.000 0.683 0.503 0.609
Pac: 0.452 0.329 0.395 0.380 0.373 0.351 0.522 0.403 0.395
Che: 0.373 0.424 0.399 0.724 0.790 0.908 0.813 0.434 0.516
Pay: 0.466 0.420 0.724 0.799 0.925 0.731 0.592 0.443 0.731
Limit: 0.000 0.025 0.000 0.000 0.360 0.917 0.444 0.000 0.040
12.520772
AVG: 7.914 10.050 5.599 7.005 23.990 27.032 9.250 5.256 9.421
Reg: 0.636 0.397 0.478 0.556 1.000 1.000 0.524 0.400 0.746
Pac: 0.362 0.274 0.498 0.319 0.324 0.395 0.496 0.422 0.293
Che: 0.317 0.483 0.624 0.575 0.892 0.797 0.675 0.403 0.416
Pay: 0.284 0.490 0.999 0.962 0.969 0.704 0.460 0.438 0.734
Limit: 0.000 0.059 0.000 0.000 0.727 0.850 0.023 0.000 0.043
11.011707
AVG: 9.564 6.394 4.405 6.091 15.131 25.437 34.048 39.475 21.933
Reg: 0.755 0.372 0.398 0.402 0.993 1.000 0.500 0.500 0.500
Pac: 0.279 0.285 0.337 0.214 0.263 0.255 0.340 0.441 0.300
Che: 0.478 0.438 0.456 0.387 0.530 0.537 0.509 0.428 0.448
Pay: 0.380 0.477 0.717 0.718 0.606 0.839 0.284 0.444 1.030
Limit: 0.000 0.000 0.000 0.000 0.263 0.737 1.000 1.000 0.429
18.585361
AVG: 8.333 5.763 5.284 8.625 14.509 21.481 17.078 6.189 6.898
Reg: 0.677 0.487 0.582 0.576 0.963 1.000 0.646 0.333 0.636
Pac: 0.509 0.332 0.417 0.337 0.427 0.346 0.496 0.215 0.385
Che: 0.468 0.460 0.660 0.682 0.686 0.811 0.860 0.312 0.370
Pay: 0.531 0.386 0.889 0.616 0.580 0.767 0.483 0.276 0.873
Limit: 0.000 0.000 0.000 0.000 0.182 0.696 0.370 0.000 0.000
10.147226
AVG: 8.126 5.160 4.607 7.613 13.940 20.823 11.078 9.741 15.358
Reg: 0.530 0.394 0.500 0.640 1.000 0.965 0.449 0.443 0.500
Pac: 0.335 0.270 0.403 0.336 0.472 0.395 0.423 0.408 0.243
Che: 0.415 0.352 0.553 0.604 0.973 0.797 0.830 0.311 0.421
Pay: 0.423 0.400 0.736 0.805 0.855 0.619 0.533 0.305 0.620
Limit: 0.000 0.000 0.000 0.000 0.229 0.632 0.022 0.000 0.190
11.016351
AVG: 7.781 5.130 5.395 10.371 10.284 19.666 13.164 9.807 8.703
Reg: 0.317 0.348 0.588 0.703 0.815 0.937 0.500 0.589 0.443
Pac: 0.330 0.332 0.373 0.344 0.218 0.304 0.495 0.555 0.518
Che: 0.284 0.334 0.563 0.751 0.437 0.526 0.620 0.514 0.524
Pay: 0.301 0.315 0.881 1.112 0.632 0.440 0.464 0.499 0.755
Limit: 0.000 0.000 0.000 0.000 0.000 0.474 0.054 0.019 0.000
9.671482
AVG: 7.561 7.059 4.753 9.565 19.621 13.035 10.184 7.263 8.587
Reg: 0.504 0.387 0.289 0.895 0.896 0.938 0.406 0.451 0.670
Pac: 0.429 0.197 0.203 0.337 0.403 0.352 0.424 0.359 0.352
Che: 0.426 0.437 0.371 0.666 0.849 0.696 0.721 0.285 0.453
Pay: 0.229 0.498 0.717 0.705 0.959 0.646 0.782 0.253 0.854
Limit: 0.000 0.000 0.000 0.000 0.417 0.158 0.023 0.000 0.000
9.547056
AVG: 6.627 4.525 5.257 6.912 7.404 10.638 9.285 4.656 6.695
Reg: 0.435 0.321 0.310 0.383 0.641 0.803 0.314 0.394 0.392
Pac: 0.351 0.203 0.427 0.162 0.424 0.404 0.412 0.313 0.249
Che: 0.321 0.342 0.442 0.415 0.691 0.854 0.500 0.339 0.437
Pay: 0.374 0.239 0.628 0.550 0.785 0.863 0.408 0.349 0.554
Limit: 0.000 0.000 0.000 0.000 0.000 0.000 0.000 0.000 0.000
6.800783
AVG: 9.109 5.137 5.941 6.661 9.024 12.553 29.105 14.389 16.251
Reg: 0.516 0.475 0.578 0.612 0.623 0.847 0.500 0.480 0.479
Pac: 0.441 0.345 0.502 0.290 0.482 0.318 0.386 0.498 0.226
Che: 0.393 0.346 0.602 0.526 0.794 0.481 0.600 0.523 0.314
Pay: 0.362 0.400 0.810 0.941 1.000 1.000 0.587 0.449 0.617
Limit: 0.000 0.000 0.000 0.000 0.050 0.062 1.000 0.227 0.500
12.502075
AVG: 8.198 4.180 4.808 7.036 8.742 18.239 32.420 12.810 10.139
Reg: 0.616 0.355 0.315 0.522 1.157 0.933 0.374 0.464 0.442
Pac: 0.482 0.240 0.385 0.314 0.455 0.475 0.294 0.300 0.248
Che: 0.454 0.307 0.462 0.707 0.865 0.500 0.666 0.422 0.368
Pay: 0.406 0.341 0.700 0.870 1.311 0.476 0.387 0.463 0.667
Limit: 0.000 0.000 0.000 0.000 0.024 0.400 1.000 0.171 0.000
11.827575
AVG: 9.030 4.890 5.468 8.749 11.218 11.863 10.410 5.391 7.134
Reg: 0.676 0.584 0.548 0.903 0.639 0.913 0.589 0.421 0.455
Pac: 0.414 0.274 0.425 0.397 0.398 0.469 0.477 0.418 0.235
Che: 0.487 0.360 0.538 0.909 0.934 0.848 0.693 0.467 0.424
Pay: 0.578 0.285 0.874 0.919 1.000 1.379 0.676 0.386 0.988
Limit: 0.000 0.000 0.000 0.000 0.045 0.054 0.087 0.000 0.000
8.124941
AVG: 9.460 5.218 5.003 9.309 9.601 12.197 7.523 4.583 8.470
Reg: 0.570 0.284 0.383 0.766 0.684 0.994 0.477 0.391 0.535
Pac: 0.498 0.218 0.342 0.370 0.407 0.340 0.400 0.238 0.312
Che: 0.443 0.330 0.520 0.564 0.879 0.737 0.522 0.278 0.381
Pay: 0.341 0.416 0.775 0.781 1.172 0.675 0.489 0.383 0.874
Limit: 0.000 0.000 0.000 0.040 0.033 0.000 0.028 0.000 0.000
7.595286
AVG: 8.371 5.689 4.499 7.747 10.776 38.005 44.228 12.335 7.135
Reg: 0.589 0.364 0.328 0.665 0.897 1.000 0.500 0.581 0.460
Pac: 0.402 0.303 0.258 0.312 0.216 0.412 0.582 0.435 0.195
Che: 0.383 0.387 0.472 0.572 0.656 0.735 0.813 0.521 0.279
Pay: 0.372 0.420 0.501 0.844 0.835 0.798 0.676 0.554 0.417
Limit: 0.000 0.000 0.000 0.000 0.040 1.000 1.000 0.259 0.000
16.167149
AVG: 6.627 5.419 4.633 9.679 12.352 15.450 10.336 10.303 11.871
Reg: 0.537 0.384 0.464 0.822 0.683 0.915 0.417 0.495 0.500
Pac: 0.317 0.286 0.326 0.298 0.386 0.656 0.399 0.411 0.199
Che: 0.323 0.513 0.541 0.704 0.899 0.988 0.633 0.443 0.351
Pay: 0.309 0.371 0.824 0.780 1.628 0.705 0.372 0.383 0.699
Limit: 0.000 0.000 0.000 0.000 0.057 0.208 0.000 0.000 0.143
10.333719
AVG: 8.190 5.167 4.771 11.434 15.872 19.397 19.602 5.888 6.377
Reg: 0.657 0.408 0.445 0.646 0.975 1.000 0.416 0.273 0.307
Pac: 0.438 0.252 0.416 0.269 0.427 0.366 0.401 0.277 0.182
Che: 0.520 0.398 0.495 0.847 0.822 0.687 0.813 0.303 0.340
Pay: 0.398 0.414 0.862 0.850 1.000 1.000 0.376 0.277 0.916
Limit: 0.000 0.000 0.000 0.036 0.174 0.560 0.455 0.000 0.000
10.908759
AVG: 7.617 5.451 5.300 7.650 9.815 14.172 14.275 4.798 7.406
Reg: 0.442 0.433 0.526 0.548 0.670 0.935 0.470 0.284 0.347
Pac: 0.286 0.267 0.408 0.327 0.321 0.291 0.561 0.296 0.275
Che: 0.351 0.388 0.508 0.553 0.576 0.746 0.657 0.287 0.300
Pay: 0.433 0.273 0.845 0.636 0.727 0.638 0.457 0.326 0.657
Limit: 0.000 0.000 0.000 0.000 0.077 0.062 0.116 0.000 0.000
8.476203
AVG: 9.032 5.783 4.737 8.768 10.140 21.321 16.996 8.851 8.430
Reg: 0.450 0.576 0.334 0.727 0.982 0.975 0.500 0.436 0.272
Pac: 0.471 0.242 0.342 0.300 0.273 0.472 0.322 0.303 0.257
Che: 0.420 0.419 0.484 0.755 0.842 0.661 0.460 0.258 0.307
Pay: 0.418 0.307 0.640 0.820 1.195 0.607 0.423 0.206 0.704
Limit: 0.000 0.000 0.000 0.000 0.000 0.667 0.270 0.000 0.000
10.026721
AVG: 8.815 6.345 5.229 6.227 11.864 12.629 11.429 7.019 8.672
Reg: 0.484 0.679 0.483 0.536 0.946 0.918 0.400 0.527 0.603
Pac: 0.473 0.404 0.377 0.227 0.240 0.462 0.365 0.385 0.374
Che: 0.481 0.503 0.546 0.611 0.730 0.865 0.495 0.458 0.441
Pay: 0.360 0.395 0.729 0.734 0.971 0.784 0.468 0.434 0.948
Limit: 0.000 0.000 0.000 0.000 0.048 0.045 0.000 0.000 0.000
8.257160
AVG: 8.791 5.698 4.537 6.879 8.162 13.757 7.295 5.676 6.778
Reg: 0.616 0.386 0.397 0.608 0.493 0.896 0.413 0.325 0.449
Pac: 0.514 0.331 0.286 0.329 0.229 0.467 0.441 0.452 0.332
Che: 0.506 0.360 0.483 0.657 0.417 0.888 0.631 0.422 0.358
Pay: 0.350 0.320 0.740 1.000 0.633 0.598 0.637 0.388 0.719
Limit: 0.000 0.000 0.000 0.000 0.000 0.062 0.000 0.000 0.000
7.075339
AVG: 6.487 4.813 5.397 8.472 13.185 29.995 39.370 41.238 21.454
Reg: 0.253 0.432 0.525 0.751 0.827 1.000 0.500 0.500 0.649
Pac: 0.314 0.251 0.299 0.250 0.374 0.445 0.346 0.480 0.460
Che: 0.273 0.385 0.439 0.690 0.636 0.733 0.524 0.426 0.643
Pay: 0.402 0.456 0.571 0.707 0.510 0.940 0.685 0.474 1.257
Limit: 0.000 0.000 0.000 0.000 0.211 1.000 1.000 1.000 0.548
20.979463
AVG: 6.442 5.846 4.657 7.763 12.524 14.612 5.332 5.062 7.183
Reg: 0.575 0.299 0.335 0.565 0.716 0.736 0.493 0.551 0.388
Pac: 0.393 0.251 0.324 0.383 0.346 0.238 0.355 0.351 0.188
Che: 0.451 0.326 0.380 0.664 0.712 0.643 0.543 0.389 0.294
Pay: 0.466 0.398 0.528 0.921 0.470 0.494 0.442 0.410 0.539
Limit: 0.000 0.000 0.000 0.038 0.036 0.118 0.000 0.000 0.000
7.300558
AVG: 8.806 6.364 5.025 9.360 16.344 20.032 8.598 5.398 7.509
Reg: 0.467 0.574 0.387 0.905 0.669 0.997 0.586 0.518 0.354
Pac: 0.349 0.364 0.325 0.428 0.428 0.276 0.331 0.410 0.179
Che: 0.375 0.474 0.620 0.842 0.963 0.758 0.485 0.389 0.224
Pay: 0.374 0.450 0.485 0.860 1.000 0.937 0.257 0.514 0.392
Limit: 0.000 0.000 0.000 0.000 0.321 0.481 0.061 0.000 0.000
9.237375
AVG: 9.323 6.023 6.487 6.991 18.054 28.139 31.527 30.575 34.512
Reg: 0.610 0.549 0.545 0.602 0.991 0.560 0.500 0.500 0.500
Pac: 0.462 0.395 0.352 0.264 0.622 0.259 0.454 0.248 0.312
Che: 0.340 0.483 0.551 0.610 0.665 0.991 0.560 0.385 0.376
Pay: 0.393 0.483 0.749 0.689 0.859 0.788 0.498 0.313 0.486
Limit: 0.000 0.000 0.000 0.000 0.435 0.850 0.741 0.974 1.000
19.589278
AVG: 7.681 4.862 4.613 8.135 27.461 45.598 14.968 4.541 7.066
Reg: 0.490 0.297 0.501 0.503 0.828 0.714 0.591 0.307 0.469
Pac: 0.362 0.174 0.253 0.272 0.383 0.245 0.366 0.270 0.307
Che: 0.378 0.386 0.360 0.684 0.500 0.967 0.830 0.239 0.457
Pay: 0.281 0.307 0.564 0.974 0.346 0.758 0.603 0.252 0.743
Limit: 0.000 0.000 0.000 0.000 0.667 1.000 0.311 0.000 0.000
12.996502
AVG: 10.255 5.462 4.579 10.333 8.733 8.728 8.471 5.439 9.159
Reg: 0.682 0.552 0.388 0.705 0.927 0.825 0.436 0.383 0.555
Pac: 0.434 0.320 0.302 0.273 0.349 0.495 0.337 0.310 0.316
Che: 0.477 0.432 0.536 0.570 0.640 0.571 0.608 0.323 0.358
Pay: 0.346 0.376 0.568 0.815 1.102 0.910 0.386 0.301 0.738
Limit: 0.043 0.000 0.000 0.045 0.000 0.000 0.000 0.000 0.000
7.441325
AVG: 8.003 4.064 4.597 6.275 11.472 13.678 13.819 6.009 10.271
Reg: 0.611 0.415 0.277 0.420 0.524 0.849 0.348 0.329 0.392
Pac: 0.248 0.257 0.298 0.260 0.285 0.507 0.283 0.313 0.301
Che: 0.494 0.454 0.543 0.515 0.672 0.940 0.648 0.329 0.381
Pay: 0.386 0.341 0.765 0.713 0.452 0.484 0.310 0.285 0.511
Limit: 0.000 0.000 0.000 0.000 0.000 0.136 0.300 0.000 0.000
8.548780
AVG: 8.541 5.912 5.056 10.979 13.010 11.177 6.547 8.729 9.915
Reg: 0.594 0.355 0.519 0.681 0.482 0.797 0.394 0.358 0.453
Pac: 0.410 0.331 0.497 0.390 0.409 0.227 0.391 0.335 0.211
Che: 0.399 0.466 0.642 0.635 0.771 0.754 0.440 0.303 0.309
Pay: 0.263 0.419 0.781 1.311 0.898 0.813 0.362 0.313 0.632
Limit: 0.000 0.000 0.000 0.000 0.053 0.100 0.000 0.000 0.000
8.715559
AVG: 8.668 4.992 5.632 9.195 10.004 11.886 20.851 6.089 7.498
Reg: 0.560 0.533 0.464 0.711 0.650 0.852 0.483 0.492 0.342
Pac: 0.520 0.208 0.340 0.259 0.394 0.297 0.552 0.345 0.210
Che: 0.506 0.483 0.460 0.695 0.723 0.792 0.729 0.351 0.340
Pay: 0.485 0.485 0.696 0.800 1.406 0.676 0.537 0.355 0.488
Limit: 0.000 0.000 0.000 0.000 0.000 0.150 0.526 0.029 0.000
9.496371
AVG: 8.758 5.425 5.051 8.286 13.117 18.494 30.572 11.870 7.954
Reg: 0.595 0.436 0.395 0.599 0.946 1.000 0.684 0.404 0.476
Pac: 0.511 0.341 0.376 0.280 0.412 0.232 0.633 0.439 0.254
Che: 0.513 0.440 0.505 0.760 0.699 0.673 0.567 0.488 0.426
Pay: 0.399 0.421 0.737 0.857 0.809 0.656 0.469 0.497 0.691
Limit: 0.000 0.000 0.000 0.000 0.000 0.333 1.000 0.245 0.000
12.082685
AVG: 7.894 8.967 4.014 5.642 10.579 9.601 6.310 5.677 7.785
Reg: 0.559 0.560 0.329 0.490 0.854 0.834 0.557 0.382 0.525
Pac: 0.325 0.384 0.369 0.290 0.313 0.411 0.455 0.278 0.294
Che: 0.326 0.517 0.505 0.656 0.617 0.662 0.716 0.431 0.473
Pay: 0.253 0.474 0.921 0.843 0.967 0.773 0.483 0.393 0.839
Limit: 0.000 0.054 0.000 0.000 0.033 0.045 0.000 0.000 0.000
7.117368
AVG: 8.099 4.442 4.305 9.631 0.000 0.000 20.819 5.978 7.347
Reg: 0.705 0.385 0.397 0.813 0.802 0.698 0.457 0.457 0.431
Pac: 0.354 0.184 0.358 0.412 0.315 0.432 0.366 0.312 0.290
Che: 0.397 0.383 0.541 0.681 0.809 0.822 0.463 0.370 0.354
Pay: 0.318 0.235 0.859 0.987 0.000 0.000 0.864 0.701 0.754
Limit: 0.000 0.000 0.000 0.029 0.000 0.000 0.591 0.042 0.000
8.842421
AVG: 6.126 5.035 5.070 8.894 11.697 13.784 9.083 5.309 7.365
Reg: 0.451 0.421 0.568 0.906 0.898 0.547 0.398 0.372 0.320
Pac: 0.341 0.298 0.386 0.329 0.256 0.329 0.458 0.334 0.174
Che: 0.489 0.419 0.567 0.556 0.782 0.630 0.675 0.333 0.372
Pay: 0.447 0.412 0.911 0.894 0.974 1.000 0.482 0.359 0.783
Limit: 0.000 0.000 0.000 0.000 0.000 0.111 0.000 0.000 0.000
7.734297
AVG: 9.787 5.451 5.104 7.779 10.217 18.338 22.400 9.215 12.406
Reg: 0.636 0.537 0.445 0.595 0.606 1.000 0.500 0.387 0.487
Pac: 0.649 0.326 0.393 0.318 0.314 0.320 0.553 0.353 0.544
Che: 0.572 0.441 0.517 0.666 0.841 0.623 0.578 0.305 0.563
Pay: 0.525 0.458 0.753 0.921 0.809 0.487 0.535 0.278 1.059
Limit: 0.000 0.000 0.000 0.000 0.000 0.357 0.581 0.000 0.029
11.070683
AVG: 8.657 5.796 4.705 7.902 11.506 15.823 19.998 4.461 7.881
Reg: 0.512 0.353 0.525 0.504 0.830 0.990 0.567 0.328 0.327
Pac: 0.555 0.248 0.394 0.247 0.355 0.552 0.451 0.296 0.253
Che: 0.720 0.435 0.554 0.537 0.865 0.892 0.796 0.324 0.379
Pay: 0.522 0.500 0.844 0.772 0.964 0.801 0.676 0.284 0.516
Limit: 0.000 0.000 0.000 0.000 0.040 0.318 0.464 0.000 0.000
10.217687
AVG: 9.307 4.982 7.080 7.761 11.155 29.145 39.984 9.139 8.078
Reg: 0.530 0.308 0.528 0.532 0.799 1.000 0.717 0.473 0.607
Pac: 0.311 0.289 0.530 0.385 0.303 0.280 0.663 0.412 0.394
Che: 0.248 0.291 0.594 0.753 0.597 0.413 0.862 0.413 0.425
Pay: 0.292 0.264 0.836 0.908 0.629 0.394 0.482 0.528 0.764
Limit: 0.000 0.000 0.000 0.000 0.000 0.765 0.949 0.040 0.000
14.138678
AVG: 10.629 6.120 5.367 8.923 24.341 37.021 28.821 26.862 25.003
Reg: 0.658 0.483 0.455 0.901 1.000 1.000 0.500 0.500 0.479
Pac: 0.616 0.274 0.553 0.314 0.260 0.378 0.453 0.459 0.445
Che: 0.496 0.507 0.529 0.692 0.513 0.763 0.698 0.449 0.467
Pay: 0.473 0.442 0.858 0.746 0.593 0.599 0.612 0.504 1.206
Limit: 0.000 0.000 0.000 0.000 0.591 1.000 1.000 1.000 0.964
18.202179
AVG: 7.461 4.821 5.313 8.281 23.421 12.226 26.666 20.642 7.644
Reg: 0.502 0.490 0.520 0.795 0.886 0.733 0.500 0.486 0.416
Pac: 0.349 0.273 0.362 0.293 0.468 0.171 0.429 0.536 0.298
Che: 0.255 0.385 0.547 0.560 0.984 0.398 0.560 0.442 0.369
Pay: 0.275 0.286 0.738 0.545 0.780 0.247 0.344 0.442 1.080
Limit: 0.000 0.000 0.000 0.000 0.714 0.077 0.938 0.600 0.000
13.496254
AVG: 8.782 5.166 5.097 7.990 15.929 0.000 21.365 11.832 6.682
Reg: 0.589 0.481 0.486 0.832 0.752 0.993 0.500 0.420 0.331
Pac: 0.439 0.280 0.423 0.363 0.224 0.450 0.454 0.449 0.197
Che: 0.296 0.360 0.544 0.781 0.795 0.895 0.719 0.417 0.293
Pay: 0.347 0.400 0.955 1.352 0.994 0.000 0.922 0.462 0.625
Limit: 0.050 0.000 0.000 0.000 0.269 0.000 0.483 0.158 0.000
11.459131
AVG: 6.921 6.992 5.017 7.352 8.923 12.684 6.539 6.388 9.375
Reg: 0.573 0.428 0.538 0.485 0.706 0.384 0.397 0.392 0.479
Pac: 0.429 0.225 0.480 0.235 0.390 0.294 0.262 0.454 0.332
Che: 0.403 0.459 0.615 0.659 0.613 0.791 0.369 0.472 0.473
Pay: 0.412 0.395 0.738 0.775 0.806 0.526 0.284 0.336 0.965
Limit: 0.000 0.000 0.000 0.000 0.043 0.053 0.000 0.000 0.000
7.684274
AVG: 7.642 6.015 5.734 8.479 9.324 9.937 6.508 5.362 6.560
Reg: 0.562 0.576 0.364 0.774 0.361 0.776 0.450 0.498 0.512
Pac: 0.287 0.365 0.262 0.300 0.379 0.242 0.543 0.364 0.284
Che: 0.335 0.460 0.473 0.601 0.520 0.571 0.712 0.422 0.342
Pay: 0.375 0.262 1.000 0.887 0.997 0.396 0.579 0.414 0.663
Limit: 0.000 0.000 0.000 0.000 0.000 0.067 0.000 0.000 0.000
7.001453
AVG: 8.585 7.018 4.640 9.375 20.248 24.928 12.283 5.197 9.508
Reg: 0.556 0.497 0.514 0.866 0.948 0.925 0.473 0.455 0.650
Pac: 0.570 0.396 0.380 0.365 0.593 0.364 0.452 0.368 0.409
Che: 0.350 0.495 0.576 0.828 0.999 0.989 0.683 0.385 0.532
Pay: 0.301 0.486 0.793 0.752 0.982 1.000 0.640 0.298 0.725
Limit: 0.000 0.000 0.000 0.040 0.560 0.793 0.137 0.000 0.000
10.858852
AVG: 8.523 5.793 4.444 9.005 15.101 11.758 8.783 3.962 7.555
Reg: 0.519 0.490 0.362 0.679 0.762 0.830 0.675 0.166 0.410
Pac: 0.503 0.342 0.269 0.250 0.246 0.420 0.391 0.278 0.245
Che: 0.432 0.551 0.549 0.513 0.982 0.586 0.586 0.236 0.362
Pay: 0.546 0.498 0.797 0.484 0.984 0.589 0.409 0.322 0.442
Limit: 0.043 0.000 0.000 0.000 0.148 0.048 0.079 0.000 0.000
7.945022
AVG: 9.734 5.474 4.610 6.451 20.667 15.751 13.587 4.543 7.190
Reg: 0.562 0.537 0.489 0.685 0.861 1.000 0.709 0.385 0.422
Pac: 0.569 0.280 0.328 0.250 0.300 0.327 0.440 0.290 0.304
Che: 0.512 0.468 0.431 0.658 0.972 0.585 0.738 0.266 0.284
Pay: 0.490 0.447 0.904 0.844 0.996 0.722 0.581 0.312 0.896
Limit: 0.000 0.000 0.000 0.000 0.600 0.136 0.260 0.000 0.000
9.548791
AVG: 10.645 7.765 5.240 8.133 15.153 23.316 5.984 5.108 8.673
Reg: 0.618 0.530 0.487 0.552 1.000 0.816 0.294 0.340 0.573
Pac: 0.369 0.403 0.554 0.367 0.358 0.360 0.422 0.320 0.268
Che: 0.334 0.507 0.630 0.606 0.555 0.643 0.564 0.411 0.468
Pay: 0.360 0.485 0.946 0.848 0.481 0.573 0.388 0.199 0.544
Limit: 0.067 0.000 0.000 0.000 0.190 0.579 0.000 0.000 0.000
8.890135
