[8.701404411764706, 6.190713235294116, 5.927397058823527, 9.236536764705884, 13.036735294117646, 16.41892647058823, 14.80163970588236, 9.138926470588235, 9.218742647058821]
[1.7312185625885383, 1.1312717460249058, 1.169996683500904, 2.1369260182495524, 5.149036410761004, 8.01042800467758, 10.64088318887609, 8.261241132748573, 4.611382946190494]

[0.547389705882353, 0.43918382352941177, 0.43868382352941176, 0.6741544117647058, 0.8422573529411765, 0.8779411764705879, 0.4733382352941176, 0.43800735294117643, 0.5125588235294114]
[0.1296484030886725, 0.09352203280871701, 0.08529375728879252, 0.13106009391050522, 0.24033671221861197, 0.16535393255190703, 0.1027849854985865, 0.09871985737455208, 0.11849638643695391]

[0.2632499999999999, 0.3824705882352942, 0.36887499999999995, 0.32654411764705893, 0.35942647058823557, 0.3673749999999999, 0.3040147058823529, 0.21953676470588226, 0.3125441176470588]
[0.05381951728858658, 0.07665986191655802, 0.06802058917320981, 0.0636370530761871, 0.1070517763921726, 0.09159750008629507, 0.062405691823521334, 0.050771678662801314, 0.0720376604577179]

[0.5641176470588236, 0.41639705882352945, 0.7515661764705883, 0.7316985294117648, 0.7948529411764705, 0.7394411764705878, 0.5999485294117645, 0.5131029411764705, 0.42157352941176435]
[0.1196953276167754, 0.07695828505371144, 0.11889087323391058, 0.12826450840152326, 0.19678902294125303, 0.15500639288077778, 0.12599634214187128, 0.11401040196427414, 0.09720911603591727]

[0.6550441176470587, 0.47430147058823535, 0.3647058823529411, 0.8319705882352941, 0.8611323529411764, 0.7591029411764706, 0.921860294117647, 0.7861911764705883, 0.7599117647058825]
[0.13160518426042894, 0.11851770281350509, 0.07983154301099016, 0.15990907072350205, 0.20802445447391407, 0.21822041876923448, 0.24824134878575793, 0.21009393958788314, 0.16909588606799725]

[0.012977941176470586, 0.007948529411764705, 0.00019117647058823528, 0.024279411764705883, 0.14658088235294114, 0.27519117647058833, 0.26511764705882357, 0.10362500000000001, 0.03793382352941177]
[0.04037807844970656, 0.03287282085216519, 0.002221269860324842, 0.06909740473295976, 0.22068781367602472, 0.30846230379630146, 0.34628324981197983, 0.23947740092015068, 0.13637686765884985]

10.0937441471
3.27958037316


136sets