AVG: 7.487 7.133 4.206 10.997 11.599 12.021 35.167 9.144 6.262
Reg: 0.528 0.486 0.263 0.870 0.613 0.957 0.818 0.584 0.335
Pac: 0.257 0.355 0.249 0.361 0.328 0.345 0.393 0.330 0.229
Che: 0.577 0.362 0.419 0.792 0.768 0.404 0.737 0.771 0.375
Pay: 0.741 0.550 0.287 0.750 1.000 1.142 0.906 1.154 0.668
Limit: 0.000 0.000 0.000 0.000 0.000 0.103 0.862 0.071 0.000
11.544069
AVG: 7.974 6.939 7.273 7.707 12.068 22.130 31.781 11.990 7.207
Reg: 0.687 0.571 0.666 0.579 0.911 1.000 0.500 0.613 0.540
Pac: 0.222 0.399 0.450 0.269 0.233 0.428 0.386 0.290 0.349
Che: 0.676 0.427 0.889 0.665 0.678 0.766 0.782 0.731 0.549
Pay: 0.741 0.531 0.395 0.974 0.752 0.748 0.913 1.343 0.974
Limit: 0.000 0.000 0.000 0.000 0.000 0.824 1.000 0.113 0.000
12.700088
AVG: 6.953 5.780 5.048 7.478 8.725 27.916 27.886 9.792 6.347
Reg: 0.658 0.301 0.399 0.495 0.788 1.000 0.660 0.408 0.420
Pac: 0.233 0.343 0.327 0.199 0.357 0.248 0.471 0.196 0.286
Che: 0.497 0.427 0.636 0.546 0.707 0.562 1.025 0.475 0.339
Pay: 0.695 0.344 0.242 0.893 0.725 0.479 0.944 1.259 0.616
Limit: 0.000 0.000 0.000 0.000 0.000 0.857 0.840 0.031 0.000
10.629557
AVG: 10.023 7.428 5.022 9.486 9.387 9.912 12.464 8.818 8.302
Reg: 0.596 0.475 0.393 0.882 1.042 0.656 0.461 0.459 0.396
Pac: 0.305 0.343 0.296 0.392 0.382 0.272 0.293 0.271 0.267
Che: 0.682 0.336 0.640 0.893 1.181 0.515 0.629 0.489 0.419
Pay: 0.695 0.763 0.353 0.637 0.948 0.751 0.817 0.799 0.754
Limit: 0.000 0.020 0.000 0.000 0.062 0.000 0.023 0.000 0.000
9.014107
AVG: 9.442 6.676 6.683 7.659 9.072 9.892 8.524 5.606 7.658
Reg: 0.623 0.603 0.331 0.546 0.513 0.801 0.575 0.335 0.626
Pac: 0.283 0.418 0.282 0.354 0.267 0.464 0.288 0.184 0.342
Che: 0.586 0.567 0.757 0.659 0.718 0.727 0.660 0.347 0.424
Pay: 0.577 0.603 0.372 0.845 0.787 0.737 0.817 0.503 0.870
Limit: 0.000 0.000 0.000 0.000 0.000 0.000 0.000 0.000 0.000
7.808605
AVG: 10.891 11.229 6.329 11.725 20.170 16.127 24.397 7.231 7.142
Reg: 0.926 0.508 0.530 0.820 1.000 0.902 0.500 0.540 0.602
Pac: 0.287 0.327 0.413 0.408 0.396 0.426 0.307 0.245 0.216
Che: 0.587 0.629 0.764 0.801 0.864 0.667 0.610 0.630 0.403
Pay: 0.832 0.587 0.394 0.878 0.923 0.496 0.697 0.984 0.799
Limit: 0.000 0.208 0.000 0.000 0.552 0.125 0.714 0.000 0.000
12.159112
AVG: 10.311 6.187 4.393 6.769 12.511 11.299 6.161 4.856 6.540
Reg: 0.675 0.383 0.374 0.589 1.542 0.795 0.343 0.305 0.466
Pac: 0.282 0.366 0.307 0.245 0.538 0.448 0.179 0.142 0.263
Che: 0.486 0.296 0.530 0.735 1.120 0.695 0.513 0.293 0.466
Pay: 0.621 0.448 0.222 0.809 1.000 1.227 0.597 0.506 0.877
Limit: 0.083 0.000 0.000 0.000 0.087 0.000 0.031 0.000 0.000
7.344209
AVG: 8.784 5.159 5.278 7.474 9.731 16.861 14.724 5.758 7.009
Reg: 0.357 0.396 0.330 0.557 1.040 1.180 0.516 0.524 0.479
Pac: 0.249 0.343 0.361 0.320 0.437 0.478 0.278 0.241 0.244
Che: 0.348 0.276 0.584 0.738 0.763 1.000 0.868 0.553 0.496
Pay: 0.405 0.287 0.310 0.669 0.907 0.703 0.988 1.199 0.705
Limit: 0.000 0.000 0.000 0.000 0.000 0.333 0.325 0.000 0.000
8.640307
AVG: 7.658 5.573 5.348 8.980 10.967 10.457 7.317 4.775 7.677
Reg: 0.510 0.326 0.417 0.728 0.952 0.654 0.360 0.437 0.707
Pac: 0.195 0.458 0.456 0.316 0.296 0.237 0.367 0.195 0.273
Che: 0.560 0.391 0.710 0.729 0.771 0.649 0.614 0.471 0.400
Pay: 0.704 0.332 0.341 1.095 0.796 0.561 0.723 0.834 0.866
Limit: 0.000 0.000 0.000 0.000 0.000 0.000 0.025 0.000 0.000
7.342845
AVG: 6.859 8.169 7.753 6.153 10.539 24.195 44.144 17.154 7.677
Reg: 0.567 0.476 0.568 0.591 0.761 1.000 0.500 0.526 0.520
Pac: 0.278 0.479 0.444 0.258 0.439 0.263 0.410 0.278 0.393
Che: 0.493 0.580 0.931 0.697 0.610 0.673 0.598 0.728 0.384
Pay: 0.535 0.504 0.468 0.828 0.951 0.667 0.801 1.566 0.549
Limit: 0.000 0.023 0.000 0.000 0.000 0.667 1.000 0.386 0.000
14.542828
AVG: 9.354 5.552 7.161 7.539 9.438 26.681 28.216 21.965 15.733
Reg: 0.468 0.495 0.441 0.708 0.865 1.000 0.500 0.448 0.477
Pac: 0.299 0.504 0.401 0.231 0.189 0.249 0.357 0.270 0.298
Che: 0.426 0.457 0.768 0.646 0.599 0.645 0.726 0.621 0.453
Pay: 0.860 0.542 0.304 0.938 1.158 0.660 1.058 0.536 0.702
Limit: 0.000 0.000 0.000 0.000 0.043 1.000 1.000 0.750 0.296
15.327845
AVG: 6.402 5.000 5.568 9.680 11.281 21.132 46.570 45.802 35.777
Reg: 0.368 0.454 0.437 0.786 0.779 1.000 0.500 0.500 0.846
Pac: 0.271 0.425 0.391 0.324 0.212 0.388 0.320 0.207 0.524
Che: 0.484 0.411 0.762 0.785 0.800 0.723 0.504 0.487 0.570
Pay: 0.576 0.675 0.330 0.851 0.965 0.790 0.879 0.695 1.226
Limit: 0.000 0.000 0.000 0.000 0.038 0.524 1.000 1.000 0.830
21.746336
AVG: 7.424 5.608 6.376 7.816 10.030 18.984 33.769 11.309 6.758
Reg: 0.333 0.546 0.411 0.588 0.405 1.000 0.500 0.511 0.540
Pac: 0.180 0.415 0.518 0.233 0.265 0.429 0.339 0.282 0.261
Che: 0.435 0.381 0.808 0.584 0.713 0.840 0.601 0.759 0.344
Pay: 0.370 0.550 0.339 0.648 0.522 0.952 1.238 1.025 0.965
Limit: 0.000 0.000 0.000 0.000 0.000 0.429 1.000 0.196 0.000
12.358620
AVG: 9.640 5.699 4.883 8.649 7.542 15.475 11.793 3.437 7.283
Reg: 0.615 0.469 0.327 0.690 0.731 1.516 0.236 0.207 0.479
Pac: 0.233 0.436 0.359 0.322 0.452 0.604 0.244 0.144 0.291
Che: 0.632 0.491 0.669 0.755 0.980 0.859 0.547 0.307 0.216
Pay: 0.677 0.573 0.273 0.758 1.000 1.213 1.012 0.486 0.666
Limit: 0.000 0.000 0.000 0.000 0.000 0.226 0.158 0.000 0.000
8.346569
AVG: 7.592 5.591 7.252 8.234 11.181 11.120 8.542 5.625 14.238
Reg: 0.507 0.452 0.443 0.832 0.750 0.671 0.424 0.440 0.670
Pac: 0.247 0.370 0.445 0.404 0.375 0.291 0.314 0.217 0.441
Che: 0.692 0.357 0.881 0.800 0.832 0.781 0.569 0.549 0.437
Pay: 0.676 0.506 0.500 0.892 0.906 0.803 0.897 0.672 0.821
Limit: 0.000 0.000 0.000 0.000 0.000 0.071 0.057 0.000 0.280
9.019930
AVG: 8.071 4.857 6.411 12.323 13.515 12.512 10.908 12.253 11.677
Reg: 0.347 0.437 0.478 0.837 0.727 0.917 0.481 0.497 0.488
Pac: 0.183 0.367 0.283 0.378 0.219 0.480 0.268 0.319 0.388
Che: 0.422 0.380 0.825 0.918 0.902 0.841 0.585 0.608 0.404
Pay: 0.561 0.408 0.313 1.194 0.764 1.093 0.918 0.762 0.846
Limit: 0.000 0.000 0.000 0.105 0.148 0.095 0.000 0.000 0.036
10.393360
AVG: 8.392 6.035 5.638 13.114 11.448 19.197 17.862 9.072 7.908
Reg: 0.414 0.526 0.324 0.769 0.903 1.000 0.500 0.548 0.655
Pac: 0.199 0.323 0.370 0.337 0.210 0.469 0.353 0.200 0.357
Che: 0.506 0.381 0.686 0.917 0.663 0.885 0.572 0.542 0.582
Pay: 0.493 0.396 0.325 0.822 0.860 0.918 1.113 0.690 0.867
Limit: 0.000 0.000 0.000 0.077 0.095 0.417 0.244 0.211 0.000
10.779505
AVG: 8.323 6.497 7.898 18.192 43.418 53.953 37.269 7.126 7.532
Reg: 0.481 0.576 0.433 0.658 1.064 0.715 0.505 0.315 0.503
Pac: 0.304 0.437 0.435 0.507 0.500 0.418 0.299 0.167 0.299
Che: 0.645 0.453 0.928 0.332 0.994 1.000 1.032 0.448 0.460
Pay: 0.711 0.520 0.393 0.439 0.830 0.854 1.000 1.525 0.969
Limit: 0.000 0.000 0.000 0.389 1.000 1.000 0.885 0.015 0.000
17.642505
AVG: 9.078 6.536 5.850 7.644 0.000 13.112 8.040 4.179 8.104
Reg: 0.340 0.495 0.588 0.603 1.328 1.228 0.456 0.413 0.409
Pac: 0.257 0.370 0.451 0.297 0.455 0.404 0.325 0.160 0.232
Che: 0.355 0.390 1.135 0.658 0.908 0.843 0.437 0.506 0.279
Pay: 0.773 0.437 0.399 1.058 0.000 0.915 1.900 0.732 0.433
Limit: 0.000 0.000 0.000 0.000 0.000 0.083 0.016 0.000 0.000
7.486028
AVG: 9.715 6.634 6.327 7.303 10.109 15.037 4.931 5.023 6.730
Reg: 0.772 0.351 0.612 0.475 1.054 0.645 0.420 0.421 0.428
Pac: 0.253 0.374 0.407 0.313 0.602 0.201 0.301 0.216 0.214
Che: 0.632 0.427 0.860 0.622 0.813 0.865 0.492 0.445 0.381
Pay: 0.816 0.292 0.266 0.622 0.771 0.814 1.153 0.685 0.511
Limit: 0.000 0.030 0.000 0.000 0.000 0.316 0.000 0.000 0.000
7.457243
AVG: 7.403 5.255 8.874 7.451 9.625 29.427 17.631 4.911 7.652
Reg: 0.444 0.428 0.602 0.456 0.929 1.000 0.622 0.445 0.580
Pac: 0.263 0.310 0.397 0.244 0.290 0.325 0.356 0.197 0.346
Che: 0.525 0.421 0.961 0.565 0.490 0.862 0.761 0.421 0.399
Pay: 0.675 0.430 0.458 0.558 0.605 0.556 0.915 0.633 0.562
Limit: 0.000 0.000 0.000 0.000 0.000 0.840 0.400 0.000 0.000
10.811624
AVG: 5.884 4.769 3.955 7.283 11.509 13.733 8.905 15.103 16.965
Reg: 0.477 0.233 0.380 0.586 0.783 0.899 0.449 0.458 0.492
Pac: 0.235 0.193 0.221 0.272 0.407 0.301 0.225 0.247 0.324
Che: 0.408 0.308 0.463 0.763 0.887 0.683 0.517 0.657 0.531
Pay: 0.724 0.518 0.326 0.576 0.823 0.635 0.896 0.878 0.669
Limit: 0.000 0.000 0.000 0.000 0.050 0.182 0.000 0.128 0.348
11.000663
AVG: 6.808 6.191 5.597 8.062 0.000 7.698 26.229 18.090 7.764
Reg: 0.545 0.403 0.504 0.607 0.815 0.960 0.500 0.457 0.545
Pac: 0.295 0.414 0.451 0.244 0.222 0.313 0.294 0.245 0.362
Che: 0.702 0.439 0.711 0.765 0.518 0.609 0.512 0.505 0.564
Pay: 0.881 0.488 0.471 1.025 0.000 0.962 1.190 0.683 0.598
Limit: 0.000 0.000 0.000 0.029 0.000 0.000 0.690 0.344 0.000
11.066065
AVG: 10.394 6.357 4.908 9.578 12.292 8.843 6.316 5.694 8.009
Reg: 0.652 0.382 0.330 0.586 0.678 0.508 0.371 0.379 0.605
Pac: 0.259 0.473 0.379 0.286 0.359 0.341 0.228 0.228 0.283
Che: 0.757 0.468 0.515 0.640 0.952 0.651 0.443 0.603 0.436
Pay: 0.831 0.393 0.231 0.815 1.443 0.528 0.366 0.825 0.729
Limit: 0.000 0.000 0.000 0.000 0.031 0.050 0.000 0.000 0.000
7.784795
AVG: 6.994 5.705 6.817 7.799 10.815 17.790 8.699 5.858 8.347
Reg: 0.497 0.277 0.461 0.636 0.794 0.938 0.484 0.361 0.632
Pac: 0.191 0.363 0.440 0.321 0.322 0.574 0.318 0.202 0.311
Che: 0.546 0.453 0.861 0.789 0.795 0.990 0.646 0.432 0.498
Pay: 0.773 0.408 0.466 0.823 0.686 0.501 1.138 0.814 0.990
Limit: 0.000 0.000 0.000 0.000 0.061 0.381 0.000 0.000 0.000
8.290626
AVG: 8.887 5.673 6.108 7.681 13.539 12.245 6.351 4.948 7.142
Reg: 0.597 0.460 0.513 0.759 1.155 0.976 0.519 0.509 0.405
Pac: 0.222 0.448 0.359 0.260 0.531 0.412 0.323 0.242 0.298
Che: 0.618 0.394 0.848 0.649 1.165 0.848 0.536 0.482 0.381
Pay: 0.554 0.453 0.312 0.663 1.000 1.000 1.455 0.601 0.464
Limit: 0.000 0.000 0.000 0.000 0.038 0.091 0.000 0.000 0.000
7.669781
AVG: 9.468 5.490 5.764 10.864 11.801 14.856 6.279 4.438 7.139
Reg: 0.518 0.329 0.478 0.609 0.541 0.684 0.295 0.353 0.549
Pac: 0.241 0.239 0.293 0.344 0.192 0.447 0.183 0.173 0.327
Che: 0.590 0.354 0.834 0.742 0.561 0.831 0.375 0.486 0.371
Pay: 0.784 0.376 0.374 0.710 0.664 0.512 0.610 0.665 0.852
Limit: 0.000 0.000 0.000 0.048 0.136 0.059 0.000 0.000 0.000
7.799997
AVG: 9.727 7.311 6.771 8.475 12.279 17.286 11.437 8.414 10.830
Reg: 0.553 0.615 0.390 0.764 0.914 0.840 0.500 0.456 0.502
Pac: 0.306 0.384 0.401 0.443 0.276 0.419 0.310 0.168 0.257
Che: 0.578 0.506 0.775 0.694 0.844 0.701 0.641 0.347 0.499
Pay: 0.517 0.421 0.415 0.904 0.892 0.579 0.650 0.712 0.985
Limit: 0.000 0.047 0.000 0.000 0.061 0.304 0.031 0.000 0.000
9.767659
AVG: 13.469 6.179 7.186 14.867 15.956 14.715 8.161 4.461 6.947
Reg: 0.973 0.395 0.514 0.568 0.734 0.714 0.419 0.502 0.404
Pac: 0.275 0.354 0.456 0.317 0.387 0.482 0.351 0.230 0.340
Che: 0.623 0.437 0.842 0.593 0.955 1.005 0.761 0.625 0.473
Pay: 0.729 0.498 0.439 0.633 0.791 0.750 1.000 1.156 0.732
Limit: 0.087 0.024 0.000 0.276 0.227 0.182 0.000 0.000 0.000
9.089713
AVG: 7.014 5.675 5.649 6.972 7.611 13.217 15.027 5.157 5.452
Reg: 0.492 0.460 0.437 0.552 0.795 1.121 0.396 0.327 0.334
Pac: 0.250 0.435 0.412 0.302 0.332 0.537 0.359 0.185 0.267
Che: 0.485 0.380 0.771 0.837 0.722 0.744 0.699 0.437 0.340
Pay: 0.467 0.515 0.251 0.772 0.676 0.702 0.878 0.974 0.748
Limit: 0.000 0.000 0.000 0.000 0.000 0.091 0.371 0.000 0.000
7.977807
AVG: 6.000 6.313 5.420 6.054 12.234 8.884 7.246 7.873 11.444
Reg: 0.435 0.502 0.431 0.522 1.390 0.589 0.365 0.397 0.489
Pac: 0.136 0.377 0.320 0.265 0.580 0.349 0.359 0.223 0.342
Che: 0.422 0.478 0.691 0.750 1.532 0.630 0.622 0.454 0.353
Pay: 0.623 0.390 0.349 0.807 1.304 0.743 0.831 0.861 0.665
Limit: 0.000 0.000 0.000 0.000 0.027 0.050 0.024 0.000 0.000
8.023021
AVG: 6.323 6.957 4.102 8.962 8.268 10.496 6.618 5.007 7.443
Reg: 0.489 0.428 0.374 0.736 0.777 0.830 0.429 0.327 0.577
Pac: 0.239 0.277 0.280 0.314 0.367 0.441 0.302 0.157 0.193
Che: 0.595 0.328 0.677 0.661 0.717 0.803 0.491 0.430 0.398
Pay: 0.606 0.362 0.385 0.719 0.608 0.660 0.945 0.581 1.017
Limit: 0.000 0.000 0.000 0.000 0.000 0.000 0.000 0.000 0.000
7.015403
AVG: 7.546 6.724 5.429 9.162 21.143 12.736 8.171 6.373 9.494
Reg: 0.492 0.524 0.369 0.810 1.000 0.637 0.345 0.563 0.427
Pac: 0.267 0.478 0.370 0.348 0.286 0.485 0.298 0.249 0.343
Che: 0.522 0.635 0.739 0.676 0.769 0.742 0.533 0.557 0.360
Pay: 0.488 0.645 0.330 0.975 0.546 0.698 0.919 0.914 0.899
Limit: 0.000 0.023 0.000 0.000 0.625 0.048 0.000 0.000 0.000
8.957060
AVG: 8.179 5.316 5.099 8.322 9.238 13.331 15.144 4.461 10.405
Reg: 0.511 0.361 0.399 0.909 0.980 0.999 0.334 0.308 0.563
Pac: 0.205 0.320 0.367 0.376 0.314 0.408 0.329 0.131 0.376
Che: 0.596 0.309 0.653 1.063 1.159 0.807 0.797 0.473 0.507
Pay: 0.778 0.338 0.343 0.840 1.000 1.343 0.892 0.710 0.744
Limit: 0.000 0.000 0.000 0.000 0.000 0.242 0.341 0.000 0.000
9.105546
AVG: 8.949 5.129 5.228 12.079 22.998 11.626 12.940 10.527 16.575
Reg: 0.460 0.479 0.397 0.967 0.951 0.746 0.461 0.444 0.500
Pac: 0.262 0.254 0.343 0.397 0.367 0.379 0.306 0.201 0.181
Che: 0.503 0.356 0.671 0.837 0.718 0.773 0.575 0.508 0.340
Pay: 0.612 0.585 0.309 0.705 0.966 1.000 0.823 0.727 0.481
Limit: 0.000 0.000 0.000 0.042 0.667 0.100 0.000 0.000 0.200
11.799945
AVG: 9.390 5.863 4.777 9.826 20.823 22.406 8.890 4.778 7.710
Reg: 0.626 0.361 0.457 0.714 0.960 1.000 0.567 0.374 0.590
Pac: 0.315 0.326 0.356 0.272 0.202 0.363 0.245 0.210 0.240
Che: 0.711 0.398 0.861 0.754 0.500 0.724 0.831 0.537 0.519
Pay: 0.524 0.427 0.470 1.033 0.415 0.566 0.917 1.342 0.615
Limit: 0.000 0.000 0.000 0.029 0.500 0.739 0.087 0.000 0.000
8.900008
AVG: 11.998 10.787 5.194 10.070 8.221 16.953 8.324 4.422 9.302
Reg: 0.806 0.406 0.400 0.813 1.599 0.626 0.608 0.326 0.746
Pac: 0.312 0.487 0.298 0.346 0.575 0.425 0.399 0.172 0.372
Che: 0.730 0.675 0.771 0.939 1.204 0.812 0.721 0.556 0.588
Pay: 0.784 0.828 0.276 0.726 1.000 1.000 1.561 0.677 0.721
Limit: 0.100 0.113 0.000 0.000 0.000 0.259 0.014 0.000 0.000
9.234421
AVG: 9.363 5.267 9.047 11.421 19.913 18.259 5.536 4.131 8.851
Reg: 0.488 0.377 0.512 0.569 0.908 0.919 0.408 0.404 0.493
Pac: 0.287 0.346 0.346 0.298 0.318 0.370 0.324 0.140 0.328
Che: 0.754 0.390 0.967 0.682 0.500 0.765 0.688 0.398 0.431
Pay: 0.603 0.318 0.356 0.857 0.688 0.907 1.155 0.707 0.925
Limit: 0.000 0.000 0.000 0.000 0.500 0.522 0.000 0.000 0.000
9.296465
AVG: 8.290 5.450 4.658 10.674 13.775 16.938 15.404 7.349 7.266
Reg: 0.614 0.379 0.274 0.850 0.725 0.932 0.480 0.314 0.543
Pac: 0.232 0.364 0.280 0.314 0.343 0.481 0.216 0.182 0.269
Che: 0.667 0.420 0.650 0.759 0.858 0.565 0.681 0.506 0.351
Pay: 0.735 0.442 0.388 0.789 0.808 0.635 1.315 0.678 0.471
Limit: 0.050 0.000 0.000 0.000 0.138 0.294 0.341 0.000 0.000
9.639103
AVG: 8.641 7.001 7.489 9.987 26.582 40.597 53.168 37.960 6.423
Reg: 0.628 0.353 0.386 0.763 1.000 1.000 0.500 0.672 0.436
Pac: 0.240 0.425 0.333 0.378 0.265 0.387 0.313 0.417 0.258
Che: 0.608 0.372 0.755 0.841 0.995 0.632 0.611 0.933 0.364
Pay: 0.575 0.458 0.363 0.639 0.891 0.929 0.933 0.850 1.000
Limit: 0.000 0.000 0.000 0.033 0.652 1.000 1.000 0.830 0.000
22.953226
AVG: 6.865 6.416 4.583 8.939 10.217 12.193 7.189 7.991 10.194
Reg: 0.593 0.536 0.344 0.679 0.843 0.758 0.380 0.455 0.619
Pac: 0.220 0.334 0.308 0.330 0.314 0.334 0.288 0.260 0.373
Che: 0.599 0.460 0.696 0.742 1.061 0.670 0.479 0.446 0.340
Pay: 0.596 0.499 0.419 0.940 0.794 0.692 0.906 0.795 0.741
Limit: 0.000 0.000 0.000 0.000 0.040 0.091 0.000 0.000 0.000
7.950165
AVG: 7.004 4.466 5.145 9.824 9.878 11.776 7.902 4.755 6.039
Reg: 0.366 0.314 0.423 0.702 0.844 0.931 0.387 0.489 0.444
Pac: 0.140 0.319 0.397 0.271 0.226 0.506 0.294 0.228 0.279
Che: 0.372 0.423 0.787 0.531 0.708 0.908 0.574 0.582 0.481
Pay: 0.745 0.327 0.309 0.837 0.859 0.654 1.016 0.779 0.804
Limit: 0.000 0.000 0.000 0.033 0.000 0.053 0.023 0.000 0.000
7.258404
AVG: 8.190 6.703 7.424 11.281 14.418 32.959 49.964 29.206 8.120
Reg: 0.485 0.551 0.531 0.744 0.929 1.000 0.500 0.510 0.542
Pac: 0.263 0.596 0.459 0.308 0.337 0.278 0.277 0.264 0.314
Che: 0.583 0.480 0.904 0.742 0.794 0.652 0.514 0.652 0.460
Pay: 0.625 0.428 0.587 0.948 0.983 0.967 0.589 0.802 0.751
Limit: 0.000 0.000 0.000 0.000 0.321 1.000 1.000 0.702 0.000
17.985893
AVG: 9.906 6.057 4.779 12.504 18.835 13.807 6.619 5.149 9.402
Reg: 0.587 0.644 0.391 0.685 0.672 0.904 0.375 0.490 0.599
Pac: 0.293 0.331 0.332 0.338 0.343 0.439 0.350 0.262 0.314
Che: 0.538 0.467 0.761 0.630 0.970 0.794 0.600 0.549 0.527
Pay: 0.574 0.422 0.355 1.006 0.897 0.808 0.969 0.893 0.765
Limit: 0.000 0.000 0.000 0.048 0.480 0.000 0.000 0.000 0.000
8.837645
AVG: 11.443 7.196 4.457 7.699 12.028 18.971 10.956 5.553 8.101
Reg: 0.631 0.371 0.346 0.611 0.868 1.000 0.570 0.492 0.400
Pac: 0.365 0.348 0.306 0.224 0.312 0.238 0.359 0.219 0.284
Che: 0.621 0.315 0.573 0.510 0.907 0.439 0.682 0.490 0.333
Pay: 0.604 0.421 0.332 0.790 0.831 0.579 0.817 0.846 0.847
Limit: 0.000 0.000 0.000 0.000 0.037 0.412 0.200 0.000 0.000
8.941540
AVG: 8.499 5.268 7.173 6.904 12.338 10.172 5.190 10.028 13.857
Reg: 0.491 0.482 0.537 0.599 0.909 0.602 0.269 0.427 0.468
Pac: 0.209 0.365 0.439 0.287 0.515 0.383 0.270 0.253 0.333
Che: 0.446 0.435 0.829 0.611 1.066 0.933 0.368 0.505 0.355
Pay: 0.737 0.381 0.313 0.658 1.000 0.985 0.550 0.695 0.921
Limit: 0.000 0.000 0.000 0.000 0.120 0.065 0.000 0.000 0.042
8.682465
AVG: 8.130 5.023 5.265 9.178 0.000 0.000 11.284 7.771 6.120
Reg: 0.490 0.463 0.337 0.690 1.383 0.822 0.359 0.413 0.366
Pac: 0.232 0.352 0.413 0.279 0.480 0.467 0.287 0.220 0.292
Che: 0.642 0.414 0.962 0.613 1.244 0.754 0.503 0.433 0.325
Pay: 0.807 0.403 0.426 0.911 0.000 0.000 0.981 1.930 1.036
Limit: 0.000 0.000 0.000 0.036 0.000 0.000 0.000 0.026 0.000
7.511307
AVG: 6.226 5.393 6.373 10.832 11.342 11.596 9.476 7.219 7.991
Reg: 0.465 0.430 0.487 0.805 0.798 0.857 0.423 0.547 0.343
Pac: 0.220 0.340 0.364 0.319 0.271 0.365 0.262 0.273 0.248
Che: 0.514 0.498 0.802 0.756 0.604 0.855 0.645 0.379 0.369
Pay: 0.754 0.459 0.359 0.647 0.881 0.511 0.982 0.760 0.803
Limit: 0.000 0.025 0.000 0.000 0.000 0.091 0.022 0.000 0.000
8.367448
AVG: 7.916 5.356 6.512 10.631 9.958 17.158 22.058 6.688 9.457
Reg: 0.411 0.368 0.494 0.660 1.307 0.997 0.500 0.430 0.717
Pac: 0.318 0.326 0.455 0.277 0.514 0.281 0.350 0.189 0.426
Che: 0.528 0.397 0.791 0.568 1.148 0.698 0.680 0.539 0.534
Pay: 0.684 0.462 0.376 0.730 1.330 0.949 0.796 0.862 0.673
Limit: 0.000 0.000 0.000 0.050 0.000 0.400 0.529 0.000 0.000
10.297538
AVG: 8.793 5.973 6.048 7.830 10.174 15.475 16.293 5.619 6.133
Reg: 0.702 0.330 0.376 0.588 0.839 0.803 0.713 0.355 0.371
Pac: 0.275 0.391 0.370 0.260 0.341 0.416 0.363 0.210 0.265
Che: 0.641 0.449 0.846 0.565 0.879 0.769 0.595 0.409 0.441
Pay: 0.685 0.375 0.368 0.828 0.928 0.862 0.664 0.520 0.584
Limit: 0.000 0.000 0.000 0.000 0.056 0.185 0.189 0.000 0.000
9.135178
AVG: 7.518 6.205 5.777 10.075 13.544 14.394 17.186 10.887 6.894
Reg: 0.496 0.247 0.466 0.838 1.000 0.866 0.500 0.382 0.372
Pac: 0.283 0.305 0.349 0.457 0.464 0.296 0.351 0.213 0.207
Che: 0.527 0.291 0.735 1.044 0.783 0.892 0.410 0.574 0.290
Pay: 0.848 0.341 0.264 0.933 1.096 0.759 0.559 0.697 0.393
Limit: 0.000 0.000 0.000 0.000 0.156 0.250 0.241 0.000 0.000
11.255602
AVG: 8.100 5.316 5.246 9.660 16.490 35.563 19.438 7.054 15.616
Reg: 0.594 0.449 0.363 0.902 1.000 1.000 0.478 0.445 0.497
Pac: 0.262 0.260 0.298 0.366 0.328 0.447 0.307 0.213 0.299
Che: 0.464 0.311 0.546 0.776 0.453 0.896 0.765 0.565 0.439
Pay: 0.428 0.634 0.189 0.825 0.964 0.956 1.407 0.567 0.753
Limit: 0.000 0.000 0.000 0.048 0.192 1.000 0.489 0.000 0.280
13.988449
AVG: 9.316 5.926 6.495 8.374 13.261 20.014 34.707 24.139 14.126
Reg: 0.409 0.524 0.548 0.568 0.568 1.000 0.500 0.500 0.774
Pac: 0.251 0.358 0.338 0.309 0.117 0.318 0.293 0.260 0.489
Che: 0.513 0.318 0.833 0.773 0.577 0.732 0.542 0.631 0.586
Pay: 0.629 0.451 0.500 0.806 0.965 0.420 0.865 1.008 1.354
Limit: 0.000 0.000 0.000 0.000 0.148 0.571 1.000 0.711 0.095
15.470654
AVG: 11.387 7.259 5.289 8.714 14.243 11.920 33.712 41.105 21.184
Reg: 0.633 0.506 0.448 0.782 0.780 0.958 0.500 0.500 0.658
Pac: 0.310 0.452 0.268 0.438 0.312 0.188 0.253 0.298 0.384
Che: 0.771 0.533 0.625 0.761 0.788 0.488 0.359 0.667 0.679
Pay: 0.764 0.639 0.241 0.907 0.894 0.681 0.660 1.274 1.038
Limit: 0.000 0.000 0.000 0.000 0.148 0.056 1.000 1.000 0.538
18.245486
AVG: 7.489 6.128 0.000 5.222 8.744 13.578 8.034 4.587 7.323
Reg: 0.331 0.355 0.524 0.627 0.598 0.807 0.490 0.343 0.668
Pac: 0.189 0.380 0.397 0.240 0.363 0.363 0.248 0.188 0.456
Che: 0.581 0.419 0.782 0.684 0.729 0.968 0.546 0.520 0.447
Pay: 0.591 0.443 0.000 1.000 1.491 0.778 0.888 0.916 0.773
Limit: 0.000 0.000 0.000 0.000 0.000 0.095 0.000 0.000 0.000
7.637029
AVG: 6.970 4.686 5.444 9.383 0.000 10.075 12.332 11.287 10.122
Reg: 0.432 0.508 0.478 0.724 0.758 0.839 0.463 0.500 0.589
Pac: 0.233 0.379 0.297 0.256 0.345 0.430 0.246 0.241 0.371
Che: 0.410 0.392 0.717 0.938 1.038 0.826 0.644 0.551 0.466
Pay: 0.726 0.573 0.352 1.285 0.000 0.925 1.696 0.765 0.799
Limit: 0.000 0.000 0.000 0.000 0.000 0.000 0.044 0.029 0.031
9.121519
AVG: 7.483 5.256 4.390 7.709 8.671 21.744 17.481 4.236 6.739
Reg: 0.509 0.368 0.333 0.682 0.403 1.000 0.678 0.294 0.501
Pac: 0.212 0.403 0.261 0.382 0.161 0.431 0.299 0.159 0.286
Che: 0.466 0.413 0.721 0.829 0.476 0.601 0.772 0.446 0.343
Pay: 0.356 0.299 0.423 0.798 0.666 0.501 1.646 0.681 0.599
Limit: 0.000 0.000 0.000 0.000 0.000 0.583 0.339 0.000 0.000
9.505516
AVG: 9.898 4.975 4.330 8.073 9.118 9.107 6.957 6.778 7.955
Reg: 0.560 0.349 0.326 0.582 0.614 0.691 0.441 0.458 0.420
Pac: 0.262 0.295 0.201 0.326 0.204 0.307 0.250 0.305 0.240
Che: 0.712 0.302 0.576 0.845 0.602 0.628 0.660 0.617 0.331
Pay: 0.701 0.378 0.387 1.020 0.426 0.380 1.012 0.748 0.760
Limit: 0.000 0.029 0.000 0.029 0.000 0.000 0.026 0.000 0.000
7.151072
AVG: 8.340 6.137 7.535 7.005 10.902 16.485 23.736 17.487 6.465
Reg: 0.323 0.340 0.600 0.522 0.994 1.000 0.500 0.618 0.438
Pac: 0.231 0.269 0.488 0.262 0.300 0.358 0.307 0.323 0.234
Che: 0.489 0.353 0.863 0.657 0.599 0.713 0.556 0.758 0.250
Pay: 0.738 0.258 0.300 0.994 0.919 0.940 1.392 0.936 0.878
Limit: 0.000 0.000 0.000 0.000 0.065 0.267 0.805 0.362 0.000
12.606459
AVG: 7.087 5.596 4.898 11.110 0.000 11.400 9.331 4.533 6.954
Reg: 0.368 0.414 0.439 0.947 0.740 0.726 0.408 0.295 0.401
Pac: 0.195 0.414 0.356 0.395 0.508 0.302 0.290 0.188 0.269
Che: 0.449 0.441 0.696 0.763 1.003 0.548 0.643 0.437 0.291
Pay: 0.819 0.458 0.362 1.393 0.000 0.912 1.159 0.740 0.714
Limit: 0.000 0.000 0.000 0.061 0.000 0.000 0.080 0.000 0.000
7.760573
AVG: 5.832 6.379 4.586 7.423 12.784 10.393 5.200 4.434 8.893
Reg: 0.362 0.442 0.344 0.618 1.009 0.789 0.550 0.416 0.726
Pac: 0.158 0.448 0.313 0.280 0.388 0.309 0.314 0.196 0.361
Che: 0.328 0.451 0.542 0.607 0.882 0.487 0.583 0.414 0.555
Pay: 0.494 0.445 0.260 0.921 0.852 0.744 0.945 0.687 0.955
Limit: 0.000 0.000 0.000 0.000 0.000 0.000 0.000 0.000 0.000
7.084919
AVG: 6.755 4.945 8.481 8.888 11.577 10.500 6.250 7.197 11.613
Reg: 0.292 0.362 0.461 0.489 0.713 0.743 0.303 0.377 0.499
Pac: 0.262 0.438 0.433 0.311 0.363 0.241 0.238 0.243 0.174
Che: 0.480 0.415 0.956 0.646 0.691 0.571 0.405 0.394 0.264
Pay: 0.553 0.537 0.339 0.702 0.740 0.691 0.472 0.754 0.724
Limit: 0.000 0.000 0.000 0.000 0.000 0.000 0.000 0.000 0.000
8.868295
AVG: 9.032 6.648 5.515 12.931 12.492 12.221 10.116 4.602 8.212
Reg: 0.579 0.477 0.438 0.923 0.808 0.957 0.598 0.334 0.681
Pac: 0.280 0.419 0.478 0.382 0.393 0.185 0.469 0.155 0.325
Che: 0.761 0.373 0.778 1.057 1.035 0.530 0.703 0.521 0.443
Pay: 0.692 0.468 0.465 0.903 1.000 1.087 0.695 0.590 0.936
Limit: 0.043 0.000 0.000 0.077 0.036 0.154 0.214 0.000 0.000
8.838389
AVG: 7.564 6.050 5.759 10.267 14.006 15.096 21.928 10.998 11.181
Reg: 0.595 0.421 0.505 0.811 0.559 0.910 0.500 0.462 0.430
Pac: 0.291 0.439 0.321 0.444 0.365 0.435 0.318 0.184 0.330
Che: 0.620 0.477 0.850 0.858 1.000 0.863 0.610 0.488 0.414
Pay: 0.656 0.370 0.394 0.963 0.962 1.000 0.940 0.807 0.661
Limit: 0.000 0.000 0.000 0.000 0.107 0.086 0.659 0.088 0.000
11.613316
AVG: 8.395 6.364 5.377 8.106 13.233 13.920 10.616 4.849 6.859
Reg: 0.698 0.445 0.358 0.564 0.683 0.840 0.595 0.550 0.533
Pac: 0.329 0.418 0.271 0.315 0.356 0.262 0.304 0.231 0.259
Che: 0.696 0.477 0.560 0.737 0.954 0.491 0.617 0.454 0.451
Pay: 0.791 0.653 0.221 0.906 0.932 0.833 0.847 0.623 0.850
Limit: 0.000 0.000 0.000 0.000 0.091 0.062 0.158 0.000 0.000
8.330399
AVG: 12.190 6.010 6.129 13.507 23.626 17.254 13.440 5.088 8.190
Reg: 0.640 0.440 0.400 0.963 0.890 0.984 0.666 0.512 0.490
Pac: 0.265 0.381 0.457 0.481 0.386 0.390 0.384 0.271 0.319
Che: 0.798 0.344 0.823 0.783 0.813 0.925 0.792 0.497 0.382
Pay: 0.700 0.600 0.387 0.817 0.851 0.937 1.520 0.914 0.731
Limit: 0.000 0.000 0.000 0.133 0.682 0.231 0.204 0.000 0.000
10.923432
AVG: 9.203 6.150 6.217 11.610 9.545 8.624 5.815 4.974 7.831
Reg: 0.752 0.393 0.373 0.752 0.773 0.633 0.547 0.321 0.543
Pac: 0.307 0.353 0.337 0.317 0.333 0.305 0.309 0.149 0.277
Che: 0.731 0.399 0.742 0.846 0.932 1.033 0.541 0.324 0.432
Pay: 0.871 0.407 0.307 1.312 0.798 0.833 1.089 0.744 1.169
Limit: 0.000 0.000 0.000 0.000 0.042 0.000 0.000 0.000 0.000
7.767761
AVG: 12.612 5.676 5.624 7.901 8.257 26.049 9.322 5.354 9.412
Reg: 0.484 0.457 0.486 0.454 0.567 1.000 0.397 0.417 0.638
Pac: 0.314 0.449 0.400 0.377 0.220 0.388 0.250 0.254 0.256
Che: 0.684 0.369 0.860 0.632 0.571 0.787 0.584 0.620 0.427
Pay: 0.592 0.420 0.504 0.737 0.454 0.723 1.110 0.666 0.609
Limit: 0.100 0.000 0.000 0.000 0.000 0.840 0.083 0.000 0.000
9.404531
AVG: 8.023 5.396 5.522 8.682 14.336 13.482 9.832 5.581 7.563
Reg: 0.440 0.481 0.308 0.705 0.598 0.766 0.580 0.563 0.587
Pac: 0.253 0.320 0.322 0.369 0.432 0.307 0.197 0.219 0.308
Che: 0.475 0.415 0.758 0.486 0.843 0.493 0.450 0.536 0.566
Pay: 0.749 0.576 0.405 0.588 0.970 0.644 0.665 0.708 0.952
Limit: 0.000 0.000 0.000 0.042 0.100 0.200 0.115 0.000 0.000
8.192656
AVG: 6.384 6.634 5.995 6.608 20.055 31.987 11.165 4.702 6.920
Reg: 0.590 0.497 0.366 0.611 0.913 1.000 0.521 0.374 0.399
Pac: 0.238 0.396 0.386 0.265 0.334 0.400 0.323 0.164 0.274
Che: 0.585 0.408 0.755 0.377 0.981 0.989 0.639 0.405 0.436
Pay: 0.584 0.527 0.324 0.598 0.598 0.953 0.974 0.505 0.701
Limit: 0.000 0.000 0.000 0.000 0.409 1.000 0.224 0.000 0.000
10.363276
AVG: 11.247 6.274 7.163 10.278 8.958 16.064 7.034 4.107 8.096
Reg: 0.709 0.354 0.700 0.655 0.824 0.966 0.339 0.411 0.705
Pac: 0.406 0.374 0.447 0.359 0.307 0.315 0.183 0.214 0.393
Che: 0.673 0.366 0.872 0.790 0.620 0.803 0.389 0.510 0.512
Pay: 0.816 0.487 0.509 0.953 0.925 1.000 0.855 0.737 0.969
Limit: 0.000 0.000 0.000 0.000 0.000 0.158 0.056 0.000 0.000
8.661323
AVG: 9.064 6.609 6.552 10.940 11.421 11.781 19.291 13.173 10.058
Reg: 0.462 0.492 0.366 0.684 0.741 0.804 0.500 0.400 0.540
Pac: 0.284 0.341 0.372 0.328 0.315 0.428 0.261 0.231 0.348
Che: 0.658 0.421 0.802 0.834 0.688 0.682 0.527 0.486 0.449
Pay: 0.672 0.452 0.312 0.848 0.765 0.525 0.762 0.537 0.685
Limit: 0.000 0.000 0.000 0.000 0.034 0.000 0.486 0.275 0.000
11.075031
AVG: 13.059 9.230 5.448 9.412 25.942 58.380 38.638 5.236 7.187
Reg: 0.791 0.468 0.414 0.748 1.198 0.980 0.365 0.352 0.413
Pac: 0.318 0.397 0.354 0.420 0.396 0.503 0.284 0.229 0.257
Che: 0.485 0.446 0.755 0.906 0.500 0.500 0.957 0.515 0.299
Pay: 0.462 0.540 0.280 0.987 0.447 0.487 1.331 0.829 0.548
Limit: 0.235 0.114 0.000 0.000 0.600 1.000 0.864 0.000 0.000
17.687994
AVG: 6.713 6.798 6.462 8.389 9.220 8.857 9.581 5.177 8.546
Reg: 0.461 0.634 0.347 0.509 0.577 0.697 0.602 0.526 0.513
Pac: 0.203 0.419 0.338 0.262 0.337 0.113 0.410 0.233 0.454
Che: 0.562 0.428 0.835 0.567 0.616 0.582 0.714 0.551 0.400
Pay: 0.766 0.471 0.472 0.628 0.754 0.369 1.124 0.824 0.912
Limit: 0.000 0.000 0.000 0.000 0.000 0.000 0.091 0.000 0.000
7.785665
AVG: 10.315 5.955 6.781 8.690 9.093 13.902 6.384 4.790 8.164
Reg: 0.742 0.456 0.384 0.716 0.888 0.779 0.328 0.345 0.450
Pac: 0.255 0.280 0.325 0.429 0.266 0.303 0.270 0.196 0.273
Che: 0.640 0.403 0.854 0.959 0.530 0.946 0.521 0.337 0.446
Pay: 0.664 0.416 0.397 0.841 1.000 1.611 0.731 0.380 0.677
Limit: 0.000 0.000 0.000 0.038 0.000 0.032 0.000 0.000 0.038
8.148200
AVG: 7.473 7.683 5.998 8.623 8.186 11.034 10.737 5.045 6.512
Reg: 0.406 0.482 0.396 0.543 0.840 0.891 0.434 0.412 0.496
Pac: 0.237 0.499 0.347 0.334 0.436 0.272 0.326 0.201 0.339
Che: 0.537 0.442 0.788 0.741 0.996 0.576 0.702 0.467 0.409
Pay: 0.793 0.448 0.301 0.593 0.721 0.862 0.963 0.646 1.056
Limit: 0.000 0.000 0.000 0.000 0.000 0.050 0.152 0.000 0.000
7.792875
AVG: 8.022 6.685 6.790 10.011 17.257 17.990 16.703 5.379 9.669
Reg: 0.723 0.608 0.450 0.816 0.886 1.000 0.559 0.309 0.667
Pac: 0.275 0.425 0.437 0.324 0.347 0.561 0.382 0.194 0.372
Che: 0.822 0.462 0.850 0.782 0.959 0.797 0.807 0.368 0.549
Pay: 0.681 0.539 0.485 0.789 0.959 0.920 0.955 0.613 0.741
Limit: 0.000 0.000 0.000 0.033 0.348 0.346 0.387 0.000 0.000
10.166689
AVG: 7.636 6.455 5.840 9.349 0.000 12.838 16.771 5.854 6.918
Reg: 0.598 0.346 0.427 0.783 0.771 1.000 0.489 0.355 0.475
Pac: 0.239 0.369 0.407 0.438 0.323 0.417 0.310 0.212 0.288
Che: 0.502 0.459 0.607 0.670 0.733 0.809 0.526 0.432 0.476
Pay: 0.784 0.584 0.257 1.362 0.000 0.940 1.667 0.637 0.573
Limit: 0.000 0.000 0.000 0.000 0.000 0.226 0.289 0.000 0.000
9.364927
AVG: 15.247 6.460 7.775 10.693 16.092 22.203 14.117 7.509 7.925
Reg: 0.732 0.555 0.589 0.668 1.000 1.000 0.459 0.342 0.521
Pac: 0.264 0.497 0.476 0.374 0.509 0.353 0.287 0.180 0.379
Che: 0.698 0.555 0.974 0.764 0.716 0.766 0.570 0.427 0.556
Pay: 0.419 0.575 0.586 0.968 0.911 0.484 0.828 0.467 0.796
Limit: 0.250 0.000 0.000 0.000 0.333 0.650 0.281 0.000 0.000
10.969967
AVG: 9.047 4.571 5.967 7.565 10.561 14.985 16.303 4.535 7.688
Reg: 0.597 0.280 0.420 0.465 0.597 1.000 0.539 0.440 0.566
Pac: 0.159 0.191 0.340 0.260 0.290 0.234 0.329 0.222 0.303
Che: 0.373 0.271 0.763 0.690 0.865 0.718 0.632 0.483 0.388
Pay: 0.279 0.264 0.388 0.523 0.618 0.504 0.895 0.866 0.645
Limit: 0.000 0.000 0.000 0.000 0.053 0.316 0.323 0.000 0.000
8.607741
AVG: 6.757 5.249 6.219 11.493 11.601 18.291 30.634 14.843 7.564
Reg: 0.354 0.367 0.454 0.708 1.065 0.927 0.500 0.804 0.508
Pac: 0.226 0.376 0.386 0.290 0.385 0.315 0.198 0.293 0.273
Che: 0.395 0.453 0.778 0.713 0.988 0.798 0.723 0.708 0.511
Pay: 0.613 0.280 0.451 0.679 0.958 0.716 1.043 1.101 0.867
Limit: 0.000 0.000 0.000 0.080 0.033 0.400 1.000 0.327 0.000
12.764922
AVG: 6.980 5.616 4.446 8.788 12.878 9.819 5.406 4.924 7.524
Reg: 0.209 0.523 0.430 0.822 0.832 0.836 0.315 0.592 0.415
Pac: 0.131 0.463 0.356 0.392 0.420 0.467 0.194 0.246 0.276
Che: 0.357 0.428 0.782 0.819 0.974 0.889 0.480 0.486 0.382
Pay: 0.430 0.324 0.399 1.312 0.982 1.142 0.520 0.823 0.667
Limit: 0.000 0.000 0.000 0.000 0.042 0.031 0.000 0.000 0.000
7.120310
AVG: 9.013 10.036 4.243 8.056 13.624 13.806 8.335 4.022 6.199
Reg: 0.611 0.451 0.275 0.786 1.546 1.378 0.549 0.267 0.359
Pac: 0.277 0.486 0.248 0.299 0.556 0.456 0.381 0.112 0.300
Che: 0.509 0.477 0.594 0.656 1.055 1.291 0.762 0.390 0.381
Pay: 0.576 0.544 0.356 0.754 1.000 1.000 1.966 0.498 0.609
Limit: 0.000 0.077 0.000 0.000 0.069 0.053 0.000 0.000 0.000
8.531223
AVG: 11.584 6.703 6.587 8.710 10.149 12.899 9.155 4.897 7.760
Reg: 0.570 0.541 0.539 0.725 0.687 0.923 0.437 0.487 0.427
Pac: 0.264 0.450 0.446 0.380 0.179 0.401 0.347 0.181 0.331
Che: 0.634 0.372 0.896 0.651 0.482 0.813 0.594 0.462 0.381
Pay: 0.627 0.534 0.340 0.706 0.662 0.803 1.199 0.566 0.761
Limit: 0.062 0.023 0.000 0.000 0.000 0.050 0.042 0.000 0.000
8.278692
AVG: 9.727 4.369 5.229 8.905 0.000 12.263 5.858 4.772 7.252
Reg: 0.582 0.330 0.498 0.857 1.139 0.335 0.484 0.276 0.478
Pac: 0.251 0.349 0.416 0.413 0.416 0.258 0.236 0.216 0.230
Che: 0.593 0.441 0.638 0.747 0.849 0.470 0.492 0.441 0.348
Pay: 0.427 0.362 0.478 1.244 0.000 0.921 1.057 0.786 0.466
Limit: 0.000 0.000 0.000 0.029 0.000 0.118 0.000 0.000 0.000
7.156991
AVG: 9.911 5.562 6.605 7.157 9.896 8.992 5.338 6.062 9.367
Reg: 0.527 0.459 0.466 0.720 1.159 0.526 0.283 0.408 0.553
Pac: 0.238 0.403 0.307 0.245 0.485 0.308 0.339 0.184 0.388
Che: 0.400 0.364 0.776 0.797 1.094 0.754 0.487 0.376 0.394
Pay: 0.283 0.336 0.376 0.874 0.678 0.674 0.798 0.622 0.556
Limit: 0.071 0.000 0.000 0.000 0.000 0.000 0.000 0.000 0.000
7.332791
AVG: 6.551 6.302 5.347 8.605 22.102 21.733 12.235 7.858 7.561
Reg: 0.433 0.451 0.368 0.652 0.620 0.895 0.456 0.301 0.415
Pac: 0.251 0.432 0.431 0.306 0.324 0.197 0.348 0.168 0.329
Che: 0.527 0.438 0.753 0.684 0.480 0.727 0.720 0.378 0.485
Pay: 0.720 0.421 0.436 0.797 0.290 0.499 0.932 0.630 0.790
Limit: 0.000 0.000 0.000 0.000 0.583 0.333 0.171 0.000 0.000
9.513340
AVG: 8.143 5.079 6.706 9.491 0.000 0.000 13.445 10.630 5.484
Reg: 0.443 0.385 0.386 0.834 0.742 0.974 0.530 0.383 0.401
Pac: 0.274 0.369 0.194 0.412 0.389 0.256 0.328 0.175 0.235
Che: 0.571 0.344 0.785 0.789 0.664 0.577 0.650 0.473 0.397
Pay: 0.738 0.490 0.378 1.337 0.000 0.000 0.887 1.981 0.904
Limit: 0.000 0.000 0.000 0.030 0.000 0.000 0.083 0.150 0.000
8.605740
AVG: 6.886 6.167 7.096 6.944 8.121 14.010 7.462 4.879 7.806
Reg: 0.402 0.447 0.352 0.367 0.685 0.720 0.640 0.315 0.488
Pac: 0.262 0.367 0.455 0.290 0.390 0.433 0.269 0.160 0.298
Che: 0.468 0.344 0.808 0.637 0.651 0.988 0.568 0.523 0.304
Pay: 0.756 0.380 0.284 0.660 0.722 0.672 0.880 0.424 0.494
Limit: 0.000 0.000 0.000 0.000 0.000 0.136 0.000 0.000 0.000
7.541949
AVG: 8.305 6.136 6.679 9.483 10.007 11.908 13.068 5.452 7.364
Reg: 0.479 0.533 0.499 0.556 1.047 0.841 0.500 0.539 0.456
Pac: 0.231 0.408 0.436 0.224 0.410 0.332 0.391 0.242 0.295
Che: 0.491 0.406 0.725 0.810 0.808 0.682 0.653 0.585 0.287
Pay: 0.614 0.516 0.341 1.070 1.104 0.838 0.840 0.832 0.702
Limit: 0.000 0.000 0.000 0.000 0.000 0.080 0.027 0.000 0.000
8.501778
AVG: 7.904 6.918 5.301 8.240 10.657 11.383 5.183 5.197 6.825
Reg: 0.695 0.265 0.362 0.549 0.718 1.234 0.567 0.237 0.649
Pac: 0.309 0.348 0.358 0.328 0.194 0.472 0.405 0.155 0.459
Che: 0.546 0.424 0.618 0.487 0.447 0.912 0.694 0.412 0.338
Pay: 0.753 0.529 0.404 0.569 0.781 0.711 0.849 0.698 1.037
Limit: 0.043 0.000 0.000 0.000 0.040 0.071 0.000 0.000 0.000
7.539448
AVG: 8.103 4.934 6.614 5.719 0.000 8.626 7.299 4.506 7.122
Reg: 0.359 0.423 0.460 0.402 0.676 1.090 0.377 0.457 0.519
Pac: 0.186 0.340 0.449 0.172 0.273 0.355 0.293 0.197 0.280
Che: 0.348 0.450 0.891 0.550 0.585 0.779 0.653 0.552 0.365
Pay: 0.403 0.533 0.391 0.857 0.000 0.914 1.421 0.624 0.633
Limit: 0.000 0.000 0.000 0.000 0.000 0.000 0.000 0.000 0.000
6.413378
AVG: 9.156 5.204 5.176 9.671 13.168 6.860 11.784 21.527 10.020
Reg: 0.525 0.369 0.337 0.792 0.846 0.504 0.497 0.453 0.602
Pac: 0.251 0.372 0.299 0.461 0.518 0.357 0.303 0.272 0.352
Che: 0.345 0.359 0.520 0.692 1.260 0.786 0.573 0.705 0.524
Pay: 0.425 0.322 0.299 0.818 0.972 1.027 0.942 0.923 0.901
Limit: 0.000 0.000 0.000 0.037 0.133 0.000 0.128 0.683 0.000
10.598061
AVG: 8.014 5.841 5.108 12.378 22.539 14.568 12.615 7.280 6.222
Reg: 0.471 0.498 0.354 0.876 0.526 0.849 0.425 0.481 0.449
Pac: 0.284 0.364 0.300 0.451 0.251 0.521 0.245 0.258 0.342
Che: 0.511 0.390 0.859 0.707 0.780 0.852 0.485 0.528 0.297
Pay: 0.710 0.440 0.495 0.813 0.994 1.000 0.924 0.652 0.573
Limit: 0.000 0.000 0.000 0.043 0.655 0.174 0.216 0.026 0.000
10.257217
AVG: 7.999 5.875 5.583 8.941 10.848 12.096 5.440 5.194 5.900
Reg: 0.521 0.404 0.402 0.698 0.750 0.823 0.481 0.355 0.271
Pac: 0.316 0.429 0.302 0.359 0.321 0.465 0.268 0.196 0.203
Che: 0.441 0.514 0.536 0.643 0.656 0.717 0.442 0.525 0.169
Pay: 0.473 0.446 0.283 0.688 0.728 0.529 0.602 0.767 0.606
Limit: 0.000 0.000 0.000 0.000 0.000 0.000 0.000 0.000 0.000
7.175355
AVG: 7.924 6.240 5.523 6.556 9.959 10.597 6.355 5.272 7.657
Reg: 0.588 0.401 0.487 0.748 0.889 1.193 0.356 0.499 0.524
Pac: 0.385 0.383 0.338 0.342 0.495 0.390 0.268 0.187 0.403
Che: 0.626 0.337 0.945 0.856 0.728 0.866 0.603 0.395 0.485
Pay: 0.851 0.435 0.407 0.813 1.602 0.671 0.661 0.737 0.776
Limit: 0.000 0.000 0.000 0.000 0.030 0.043 0.000 0.000 0.000
7.241951
AVG: 6.472 6.019 5.082 11.070 13.329 17.385 7.967 5.468 6.913
Reg: 0.385 0.466 0.346 0.833 0.950 0.940 0.633 0.401 0.413
Pac: 0.224 0.416 0.424 0.386 0.258 0.472 0.319 0.183 0.349
Che: 0.381 0.404 0.714 1.066 0.527 0.622 0.741 0.395 0.423
Pay: 0.704 0.365 0.337 1.366 0.529 0.393 0.943 0.821 0.828
Limit: 0.000 0.000 0.000 0.105 0.136 0.263 0.059 0.000 0.000
8.294590
AVG: 7.365 4.921 5.261 9.504 9.888 13.371 8.206 5.176 6.391
Reg: 0.462 0.507 0.531 0.723 0.556 0.976 0.370 0.501 0.415
Pac: 0.205 0.428 0.382 0.309 0.375 0.364 0.233 0.244 0.215
Che: 0.460 0.414 0.688 0.577 0.647 0.768 0.540 0.575 0.330
Pay: 0.502 0.561 0.406 0.976 0.625 0.791 0.873 0.870 0.589
Limit: 0.000 0.000 0.000 0.000 0.000 0.105 0.111 0.000 0.000
7.300450
AVG: 9.012 7.088 6.587 10.844 20.682 31.058 10.898 5.638 7.971
Reg: 0.697 0.372 0.556 0.748 1.000 1.000 0.514 0.283 0.467
Pac: 0.276 0.441 0.495 0.280 0.438 0.430 0.292 0.190 0.349
Che: 0.535 0.427 0.673 0.756 0.984 1.000 0.543 0.431 0.409
Pay: 0.692 0.549 0.278 0.935 0.969 0.894 1.079 0.550 0.645
Limit: 0.000 0.000 0.000 0.000 0.581 1.000 0.214 0.000 0.000
11.436031
AVG: 9.871 6.097 9.652 8.657 17.799 32.834 31.746 21.355 6.571
Reg: 0.702 0.480 0.518 0.644 1.000 1.000 0.500 0.669 0.547
Pac: 0.306 0.381 0.497 0.339 0.476 0.227 0.314 0.358 0.375
Che: 0.741 0.399 0.955 0.669 0.825 0.648 0.578 0.824 0.427
Pay: 0.644 0.432 0.440 0.892 0.643 0.799 0.909 0.969 1.000
Limit: 0.074 0.026 0.026 0.000 0.478 1.000 1.000 0.463 0.000
14.656327
AVG: 8.351 6.248 7.794 11.799 11.480 13.552 17.784 11.938 6.725
Reg: 0.501 0.480 0.512 0.762 0.667 0.999 0.500 0.538 0.353
Pac: 0.266 0.479 0.527 0.360 0.430 0.463 0.310 0.246 0.254
Che: 0.524 0.459 0.955 0.840 0.619 0.578 0.661 0.754 0.538
Pay: 0.706 0.530 0.423 0.862 0.947 1.000 1.618 1.052 0.728
Limit: 0.000 0.000 0.000 0.029 0.000 0.095 0.413 0.208 0.000
10.912864
AVG: 10.277 4.639 5.479 9.257 18.404 17.493 8.930 6.720 7.237
Reg: 0.487 0.479 0.546 0.580 1.665 0.970 0.366 0.388 0.449
Pac: 0.320 0.276 0.380 0.263 0.608 0.353 0.219 0.158 0.348
Che: 0.483 0.430 0.837 0.640 0.741 0.820 0.624 0.360 0.492
Pay: 0.619 0.548 0.460 0.853 0.681 0.735 0.838 0.872 0.859
Limit: 0.000 0.000 0.000 0.000 0.407 0.261 0.026 0.000 0.000
9.210844
AVG: 7.993 5.316 5.853 14.072 9.939 10.929 6.330 7.135 8.294
Reg: 0.592 0.331 0.458 0.671 0.723 0.792 0.426 0.413 0.382
Pac: 0.248 0.278 0.447 0.294 0.334 0.382 0.239 0.223 0.226
Che: 0.631 0.349 0.732 0.591 0.880 0.700 0.458 0.384 0.449
Pay: 0.748 0.420 0.375 0.808 0.986 0.562 0.795 0.919 0.791
Limit: 0.000 0.000 0.000 0.200 0.000 0.095 0.000 0.000 0.000
8.219047
AVG: 8.199 5.707 5.642 8.762 0.000 0.000 9.633 7.739 5.602
Reg: 0.524 0.334 0.502 0.730 0.682 0.758 0.534 0.323 0.722
Pac: 0.244 0.347 0.333 0.305 0.338 0.329 0.418 0.151 0.283
Che: 0.429 0.353 0.738 0.635 0.711 0.803 0.617 0.498 0.385
Pay: 0.676 0.649 0.362 1.006 0.000 0.000 0.960 1.968 1.388
Limit: 0.000 0.000 0.000 0.033 0.000 0.000 0.000 0.000 0.000
7.234398
AVG: 8.666 5.755 8.533 8.105 7.929 15.644 19.766 21.357 22.290
Reg: 0.519 0.416 0.633 0.517 0.590 0.963 0.500 0.500 0.500
Pac: 0.302 0.440 0.406 0.306 0.349 0.320 0.324 0.190 0.326
Che: 0.547 0.491 0.924 0.847 0.725 0.616 0.573 0.420 0.406
Pay: 0.647 0.341 0.411 0.852 0.822 0.401 0.754 0.781 0.891
Limit: 0.000 0.000 0.000 0.000 0.000 0.286 0.471 0.657 0.536
14.168166
AVG: 8.498 6.614 4.443 13.898 17.252 12.946 7.429 5.264 10.718
Reg: 0.549 0.537 0.388 0.465 1.000 0.756 0.418 0.310 0.544
Pac: 0.232 0.381 0.327 0.324 0.338 0.498 0.226 0.155 0.349
Che: 0.417 0.432 0.671 0.611 0.975 1.014 0.435 0.525 0.560
Pay: 0.706 0.469 0.333 0.935 0.721 0.960 0.781 0.643 0.673
Limit: 0.000 0.000 0.000 0.286 0.280 0.179 0.000 0.000 0.000
9.254595
AVG: 11.212 5.904 4.717 8.867 9.674 9.812 10.176 3.766 7.569
Reg: 0.608 0.467 0.469 0.622 0.615 0.634 0.535 0.419 0.432
Pac: 0.331 0.376 0.287 0.317 0.340 0.300 0.265 0.246 0.226
Che: 0.649 0.471 0.643 0.912 0.850 0.546 0.552 0.480 0.312
Pay: 0.586 0.576 0.373 0.896 0.691 0.766 0.733 0.736 0.621
Limit: 0.000 0.000 0.000 0.000 0.000 0.000 0.053 0.000 0.000
7.620650
AVG: 7.933 6.264 5.192 8.246 10.192 10.433 6.407 5.354 8.743
Reg: 0.412 0.241 0.424 0.630 1.177 0.887 0.222 0.526 0.561
Pac: 0.225 0.306 0.341 0.234 0.509 0.394 0.192 0.311 0.339
Che: 0.581 0.284 0.560 0.737 1.126 0.700 0.437 0.539 0.393
Pay: 0.576 0.376 0.374 0.717 1.182 0.565 0.768 0.824 0.650
Limit: 0.000 0.031 0.000 0.000 0.000 0.000 0.000 0.000 0.000
7.449221
AVG: 7.563 6.463 5.621 6.603 14.794 10.569 8.387 7.968 8.528
Reg: 0.484 0.627 0.430 0.552 0.989 0.636 0.439 0.420 0.665
Pac: 0.362 0.429 0.401 0.319 0.301 0.310 0.265 0.165 0.326
Che: 0.485 0.429 0.668 0.589 0.691 0.848 0.507 0.440 0.428
Pay: 0.821 0.443 0.257 0.862 0.830 0.885 0.853 0.734 0.659
Limit: 0.000 0.000 0.000 0.000 0.321 0.143 0.000 0.000 0.000
8.338795
AVG: 9.657 5.638 5.906 17.868 11.667 8.544 6.381 4.774 7.363
Reg: 0.584 0.256 0.523 0.897 0.585 0.756 0.369 0.447 0.483
Pac: 0.336 0.226 0.360 0.344 0.236 0.350 0.251 0.235 0.227
Che: 0.636 0.230 0.813 0.796 0.523 0.767 0.391 0.543 0.288
Pay: 0.613 0.379 0.364 0.781 0.608 0.905 0.888 0.727 0.890
Limit: 0.000 0.000 0.000 0.393 0.095 0.000 0.000 0.000 0.000
8.326048
AVG: 9.662 6.900 5.557 9.501 10.611 10.345 5.165 4.397 8.495
Reg: 0.673 0.422 0.456 0.598 1.017 0.684 0.426 0.346 0.628
Pac: 0.231 0.359 0.377 0.337 0.338 0.307 0.270 0.142 0.337
Che: 0.832 0.315 0.738 0.822 0.945 0.706 0.549 0.522 0.567
Pay: 0.795 0.664 0.355 0.981 1.066 0.800 0.957 0.706 0.785
Limit: 0.000 0.000 0.000 0.000 0.000 0.000 0.000 0.000 0.000
7.602040
AVG: 9.345 5.533 4.475 8.660 0.000 0.000 9.555 5.113 6.844
Reg: 0.445 0.439 0.294 0.722 0.918 0.577 0.420 0.524 0.515
Pac: 0.180 0.411 0.262 0.384 0.251 0.300 0.244 0.226 0.294
Che: 0.410 0.358 0.812 0.643 0.665 0.532 0.554 0.549 0.453
Pay: 0.274 0.283 0.428 1.023 0.000 0.000 0.962 1.478 0.730
Limit: 0.000 0.000 0.000 0.000 0.000 0.000 0.033 0.000 0.000
6.645040
AVG: 8.414 5.222 5.721 12.717 21.459 14.212 15.183 4.210 7.982
Reg: 0.470 0.349 0.484 0.996 0.558 0.948 0.622 0.344 0.531
Pac: 0.266 0.296 0.372 0.324 0.316 0.480 0.421 0.172 0.417
Che: 0.559 0.360 0.649 0.883 0.882 0.829 0.650 0.408 0.481
Pay: 0.578 0.521 0.330 0.896 0.973 0.783 1.179 1.005 0.839
Limit: 0.000 0.000 0.000 0.037 0.600 0.190 0.157 0.000 0.000
10.598042
AVG: 10.709 5.846 7.847 10.657 22.393 29.760 32.631 11.573 6.565
Reg: 0.753 0.412 0.607 0.973 1.000 1.000 0.500 0.467 0.521
Pac: 0.335 0.353 0.424 0.282 0.404 0.280 0.326 0.319 0.233
Che: 0.627 0.451 0.825 0.741 0.608 0.842 0.484 0.623 0.291
Pay: 0.460 0.344 0.400 0.993 0.775 0.499 0.831 0.989 0.861
Limit: 0.043 0.000 0.000 0.000 0.565 1.000 0.971 0.243 0.000
14.525609
AVG: 8.740 4.650 4.841 8.944 11.733 20.839 9.678 5.044 6.544
Reg: 0.481 0.437 0.334 0.735 1.279 0.940 0.309 0.488 0.359
Pac: 0.301 0.261 0.283 0.276 0.530 0.463 0.260 0.184 0.278
Che: 0.565 0.376 0.521 0.682 1.001 0.999 0.591 0.516 0.410
Pay: 0.634 0.601 0.320 0.747 1.051 0.883 0.981 0.909 0.775
Limit: 0.000 0.000 0.000 0.000 0.031 0.600 0.185 0.000 0.000
8.415151
AVG: 9.334 5.173 6.643 8.506 7.906 11.216 8.261 4.785 5.669
Reg: 0.508 0.353 0.446 0.663 0.414 1.081 0.479 0.489 0.337
Pac: 0.236 0.369 0.322 0.276 0.322 0.454 0.322 0.197 0.298
Che: 0.460 0.327 0.815 0.791 0.478 0.752 0.569 0.586 0.303
Pay: 0.787 0.527 0.295 1.352 0.812 0.721 0.593 0.826 0.870
Limit: 0.000 0.000 0.000 0.000 0.000 0.056 0.026 0.000 0.000
7.116103
AVG: 11.298 7.870 5.340 8.158 12.009 13.778 10.696 5.320 8.775
Reg: 0.602 0.280 0.386 0.526 0.772 0.607 0.439 0.465 0.492
Pac: 0.352 0.166 0.375 0.245 0.244 0.357 0.246 0.185 0.287
Che: 0.738 0.315 0.619 0.540 0.666 0.752 0.605 0.378 0.341
Pay: 0.690 0.573 0.318 0.573 0.494 0.677 0.789 0.469 0.626
Limit: 0.071 0.000 0.000 0.000 0.176 0.105 0.000 0.000 0.000
8.764899
AVG: 9.140 6.655 0.000 4.919 9.134 10.393 20.381 16.111 12.793
Reg: 0.453 0.521 0.477 0.589 0.654 0.791 0.500 0.500 0.743
Pac: 0.204 0.440 0.358 0.432 0.318 0.389 0.287 0.234 0.410
Che: 0.614 0.468 0.884 0.757 0.905 0.883 0.731 0.665 0.445
Pay: 0.593 0.434 0.000 0.923 1.694 0.494 0.835 0.719 0.877
Limit: 0.000 0.000 0.000 0.000 0.000 0.000 0.486 0.119 0.065
11.027200
AVG: 9.338 6.901 7.015 7.001 9.818 10.153 8.291 9.447 8.550
Reg: 0.505 0.605 0.512 0.577 0.776 0.752 0.415 0.440 0.511
Pac: 0.279 0.409 0.465 0.197 0.313 0.281 0.310 0.237 0.323
Che: 0.508 0.387 0.808 0.677 0.651 0.525 0.416 0.570 0.327
Pay: 0.567 0.464 0.500 0.657 0.951 0.650 0.589 0.913 0.565
Limit: 0.000 0.000 0.000 0.000 0.042 0.000 0.000 0.000 0.000
8.298180
AVG: 8.663 5.945 6.928 8.493 8.808 26.433 18.871 19.813 13.057
Reg: 0.684 0.523 0.565 0.648 0.727 1.000 0.500 0.500 0.796
Pac: 0.310 0.435 0.409 0.325 0.424 0.323 0.358 0.181 0.413
Che: 0.643 0.419 0.846 0.778 0.756 0.705 0.731 0.531 0.538
Pay: 0.809 0.496 0.421 0.864 1.332 0.322 0.982 0.734 0.987
Limit: 0.000 0.000 0.000 0.000 0.000 0.882 0.256 0.472 0.000
12.345634
AVG: 8.885 6.694 7.016 9.096 10.872 18.799 8.316 7.232 7.928
Reg: 0.736 0.495 0.546 0.725 0.949 0.906 0.331 0.431 0.545
Pac: 0.310 0.412 0.407 0.362 0.713 0.409 0.410 0.213 0.454
Che: 0.672 0.474 0.838 0.709 0.896 0.862 0.554 0.476 0.544
Pay: 0.790 0.845 0.332 0.981 0.896 1.000 1.482 0.566 0.918
Limit: 0.000 0.000 0.000 0.000 0.048 0.429 0.035 0.000 0.000
8.971621
AVG: 6.419 5.145 5.489 9.090 9.828 8.969 6.507 5.032 7.384
Reg: 0.330 0.420 0.359 0.620 0.591 0.717 0.447 0.418 0.579
Pac: 0.182 0.440 0.215 0.406 0.322 0.320 0.253 0.204 0.300
Che: 0.337 0.366 0.687 0.840 0.921 0.640 0.501 0.456 0.437
Pay: 0.578 0.347 0.296 0.833 1.000 0.792 0.824 0.641 0.587
Limit: 0.000 0.000 0.000 0.000 0.000 0.000 0.000 0.000 0.000
6.918714
AVG: 9.165 6.729 4.036 8.359 18.663 19.252 22.536 9.954 6.732
Reg: 0.512 0.326 0.299 0.704 0.625 1.000 0.500 0.532 0.383
Pac: 0.359 0.331 0.348 0.522 0.272 0.203 0.269 0.294 0.274
Che: 0.727 0.431 0.616 0.801 0.899 0.619 0.606 0.595 0.242
Pay: 0.695 0.607 0.440 0.832 0.961 1.000 1.319 0.847 0.800
Limit: 0.000 0.000 0.000 0.000 0.400 0.345 0.523 0.047 0.000
11.846475
AVG: 9.123 7.015 7.506 9.164 8.126 13.416 5.512 5.329 7.415
Reg: 0.392 0.589 0.473 0.571 0.446 0.770 0.450 0.440 0.411
Pac: 0.177 0.476 0.419 0.398 0.234 0.263 0.306 0.238 0.180
Che: 0.176 0.451 0.744 1.006 0.529 0.721 0.467 0.509 0.339
Pay: 0.352 0.501 0.429 0.907 0.646 0.780 0.847 0.574 0.719
Limit: 0.000 0.000 0.000 0.000 0.000 0.100 0.000 0.000 0.000
7.649493
AVG: 7.854 4.699 4.659 6.925 10.276 13.182 8.938 6.026 14.167
Reg: 0.515 0.319 0.313 0.653 0.386 0.686 0.429 0.472 0.500
Pac: 0.187 0.282 0.268 0.337 0.359 0.372 0.326 0.220 0.385
Che: 0.542 0.311 0.577 0.782 0.684 0.773 0.669 0.564 0.544
Pay: 0.866 0.323 0.278 0.816 0.976 0.515 0.954 0.941 0.885
Limit: 0.000 0.000 0.000 0.000 0.033 0.200 0.024 0.000 0.031
8.608481
AVG: 7.885 6.579 5.773 14.184 20.674 12.805 28.372 17.784 6.408
Reg: 0.418 0.660 0.497 0.940 0.726 0.862 0.500 0.701 0.426
Pac: 0.334 0.429 0.382 0.421 0.434 0.483 0.319 0.297 0.305
Che: 0.594 0.512 0.773 0.782 0.769 0.429 0.582 0.682 0.323
Pay: 0.765 0.589 0.224 0.787 0.961 0.871 0.934 0.952 0.811
Limit: 0.000 0.000 0.000 0.222 0.607 0.056 0.971 0.385 0.000
13.211517
AVG: 8.384 5.517 7.046 9.865 9.446 9.878 7.746 11.874 19.399
Reg: 0.496 0.393 0.486 0.788 0.532 0.583 0.437 0.500 0.500
Pac: 0.215 0.321 0.378 0.268 0.281 0.193 0.245 0.275 0.176
Che: 0.454 0.447 0.856 0.860 0.651 0.469 0.448 0.454 0.246
Pay: 0.714 0.452 0.375 0.808 0.945 0.390 0.600 0.808 0.337
Limit: 0.000 0.000 0.000 0.000 0.000 0.000 0.000 0.000 0.333
10.957675
AVG: 7.496 5.853 5.084 8.339 11.738 23.111 10.708 4.484 6.036
Reg: 0.503 0.313 0.463 0.571 0.934 1.000 0.632 0.439 0.391
Pac: 0.270 0.427 0.476 0.393 0.482 0.485 0.267 0.220 0.210
Che: 0.496 0.316 0.712 0.842 0.889 0.941 0.636 0.450 0.295
Pay: 0.730 0.504 0.368 0.728 1.007 0.663 1.191 0.781 0.605
Limit: 0.000 0.000 0.000 0.000 0.033 0.667 0.095 0.000 0.000
8.969357
AVG: 8.488 5.224 5.110 7.502 10.113 6.865 6.369 4.883 8.256
Reg: 0.503 0.420 0.519 0.686 1.107 0.544 0.510 0.526 0.507
Pac: 0.244 0.253 0.413 0.331 0.398 0.334 0.262 0.256 0.310
Che: 0.456 0.349 0.685 0.758 0.981 0.773 0.576 0.592 0.538
Pay: 0.480 0.309 0.448 0.633 0.958 0.800 0.986 0.978 0.848
Limit: 0.000 0.000 0.000 0.000 0.000 0.000 0.000 0.000 0.000
6.723292
AVG: 6.913 5.879 6.130 11.946 0.000 0.000 13.079 8.508 6.557
Reg: 0.515 0.565 0.481 0.925 0.777 0.678 0.470 0.492 0.560
Pac: 0.214 0.478 0.404 0.323 0.441 0.340 0.279 0.180 0.436
Che: 0.513 0.438 0.815 0.701 1.025 0.678 0.580 0.424 0.575
Pay: 0.782 0.499 0.419 0.590 0.000 0.000 0.977 1.996 1.492
Limit: 0.000 0.000 0.000 0.094 0.000 0.000 0.130 0.000 0.000
8.139580
AVG: 8.835 5.818 4.754 8.066 25.688 33.156 50.766 57.623 39.849
Reg: 0.584 0.392 0.369 0.565 1.000 1.000 0.500 0.500 0.997
Pac: 0.260 0.565 0.293 0.221 0.376 0.325 0.255 0.265 0.573
Che: 0.463 0.568 0.589 0.599 0.850 0.709 0.530 0.541 0.691
Pay: 0.636 0.503 0.248 0.582 0.600 0.753 0.769 0.804 0.918
Limit: 0.000 0.000 0.000 0.000 0.727 1.000 1.000 1.000 0.938
27.087479
AVG: 13.545 11.343 5.585 8.197 11.633 13.083 8.113 5.189 7.999
Reg: 0.864 0.299 0.506 0.631 0.828 0.912 0.536 0.334 0.535
Pac: 0.426 0.254 0.371 0.442 0.351 0.394 0.243 0.206 0.478
Che: 0.768 0.367 0.685 0.775 0.570 0.630 0.649 0.416 0.430
Pay: 0.817 0.734 0.296 0.954 0.939 0.836 0.831 0.519 0.824
Limit: 0.222 0.268 0.000 0.000 0.160 0.043 0.027 0.000 0.000
9.339061
AVG: 8.622 5.344 4.557 7.017 12.305 10.624 8.502 6.312 8.994
Reg: 0.583 0.478 0.413 0.601 0.618 0.758 0.283 0.342 0.447
Pac: 0.304 0.365 0.283 0.330 0.321 0.398 0.132 0.153 0.298
Che: 0.537 0.379 0.817 0.736 0.847 0.868 0.286 0.440 0.382
Pay: 0.683 0.400 0.312 1.078 0.904 0.820 0.472 0.696 0.433
Limit: 0.043 0.000 0.000 0.000 0.040 0.000 0.000 0.000 0.000
8.137535
AVG: 6.262 6.797 5.132 7.574 11.612 11.528 19.616 22.249 9.641
Reg: 0.349 0.638 0.475 0.634 0.886 0.803 0.500 0.480 0.791
Pac: 0.153 0.588 0.399 0.241 0.311 0.291 0.261 0.319 0.346
Che: 0.378 0.545 0.736 0.591 0.792 0.599 0.535 0.709 0.564
Pay: 0.272 0.347 0.355 0.859 0.679 0.872 0.900 0.886 0.671
Limit: 0.000 0.000 0.000 0.000 0.045 0.095 0.333 0.673 0.000
11.845599
AVG: 10.866 7.608 4.585 7.530 11.336 15.727 9.163 7.362 10.878
Reg: 0.802 0.579 0.394 0.676 0.556 1.000 0.454 0.392 0.500
Pac: 0.278 0.496 0.280 0.333 0.463 0.399 0.311 0.227 0.294
Che: 0.735 0.479 0.552 0.673 0.765 0.907 0.615 0.495 0.527
Pay: 0.691 0.560 0.312 0.894 1.000 0.609 0.698 0.622 0.647
Limit: 0.000 0.000 0.000 0.000 0.000 0.179 0.000 0.000 0.000
9.604802
AVG: 8.719 5.525 5.776 8.024 16.592 17.269 10.851 4.507 7.075
Reg: 0.529 0.405 0.462 0.605 0.961 0.887 0.285 0.181 0.528
Pac: 0.255 0.453 0.354 0.315 0.434 0.304 0.322 0.159 0.354
Che: 0.615 0.447 0.740 0.731 0.697 0.681 0.535 0.346 0.441
Pay: 0.734 0.399 0.367 1.036 0.967 0.935 0.669 0.653 0.711
Limit: 0.000 0.000 0.000 0.000 0.435 0.227 0.138 0.000 0.000
8.913372
AVG: 7.879 6.978 7.357 8.180 13.636 17.514 12.147 5.671 7.788
Reg: 0.436 0.419 0.489 0.611 1.000 1.000 0.516 0.498 0.370
Pac: 0.345 0.404 0.375 0.367 0.382 0.275 0.314 0.202 0.343
Che: 0.521 0.467 0.874 0.871 0.685 0.662 0.757 0.422 0.332
Pay: 0.658 0.406 0.532 0.768 1.000 1.018 0.894 0.709 0.413
Limit: 0.000 0.000 0.000 0.000 0.200 0.435 0.235 0.000 0.000
9.348555
AVG: 7.903 6.034 6.502 8.195 9.942 10.579 14.362 7.645 7.693
Reg: 0.651 0.349 0.608 0.491 0.628 0.755 0.473 0.380 0.324
Pac: 0.254 0.389 0.348 0.254 0.277 0.284 0.321 0.251 0.255
Che: 0.649 0.448 0.844 0.414 0.765 0.444 0.600 0.575 0.498
Pay: 0.850 0.616 0.331 0.702 0.817 0.495 0.934 0.650 0.680
Limit: 0.000 0.000 0.000 0.000 0.000 0.091 0.205 0.000 0.000
8.749685
AVG: 7.839 5.445 5.094 8.828 6.993 21.363 28.347 7.653 7.847
Reg: 0.514 0.576 0.328 0.660 0.494 1.000 0.773 0.446 0.569
Pac: 0.223 0.378 0.326 0.302 0.265 0.414 0.501 0.180 0.298
Che: 0.615 0.536 0.756 0.678 0.623 0.502 0.800 0.434 0.306
Pay: 0.624 0.407 0.367 0.905 0.761 0.549 0.810 1.015 0.478
Limit: 0.045 0.000 0.000 0.000 0.000 0.500 0.792 0.034 0.000
9.608519
AVG: 7.788 5.844 4.646 8.712 9.220 18.110 23.005 4.354 8.474
Reg: 0.600 0.545 0.347 0.669 0.634 1.000 0.515 0.293 0.591
Pac: 0.285 0.503 0.251 0.348 0.204 0.379 0.406 0.169 0.400
Che: 0.720 0.530 0.608 0.667 0.423 0.714 0.560 0.330 0.599
Pay: 0.797 0.905 0.234 0.869 0.608 0.363 0.794 0.604 0.862
Limit: 0.000 0.000 0.000 0.036 0.000 0.529 0.730 0.000 0.000
9.860196
AVG: 10.069 5.366 4.755 7.438 12.163 17.871 7.753 5.355 6.949
Reg: 0.564 0.534 0.484 0.537 0.851 0.860 0.423 0.295 0.335
Pac: 0.241 0.375 0.294 0.242 0.493 0.296 0.351 0.212 0.297
Che: 0.646 0.426 0.707 0.641 0.869 0.644 0.515 0.651 0.359
Pay: 0.749 0.317 0.350 0.929 0.947 0.685 0.760 0.811 0.762
Limit: 0.000 0.000 0.000 0.000 0.143 0.400 0.111 0.000 0.000
8.215533
AVG: 9.151 7.099 5.401 8.058 0.000 9.025 10.628 6.243 9.550
Reg: 0.751 0.555 0.592 0.634 1.241 1.274 0.495 0.491 0.544
Pac: 0.311 0.417 0.324 0.334 0.470 0.451 0.344 0.223 0.377
Che: 0.562 0.506 0.891 0.737 1.229 1.140 0.569 0.453 0.534
Pay: 0.654 0.528 0.338 0.767 0.000 0.987 1.895 1.344 1.084
Limit: 0.000 0.020 0.000 0.000 0.000 0.000 0.024 0.000 0.000
7.834980
AVG: 5.869 5.251 4.480 13.077 25.762 13.881 31.065 18.827 10.009
Reg: 0.405 0.466 0.487 0.967 1.099 0.917 0.500 0.500 0.386
Pac: 0.145 0.388 0.403 0.301 0.645 0.300 0.318 0.191 0.213
Che: 0.455 0.509 0.922 0.728 1.072 0.716 0.593 0.599 0.393
Pay: 0.616 0.407 0.559 0.851 1.619 0.558 0.794 1.087 0.665
Limit: 0.000 0.000 0.000 0.304 0.825 0.158 1.000 0.519 0.000
14.208982
AVG: 7.044 6.171 5.674 6.970 15.811 23.397 21.499 23.293 13.204
Reg: 0.437 0.413 0.486 0.393 0.870 1.000 0.500 0.495 0.489
Pac: 0.219 0.486 0.376 0.263 0.304 0.435 0.312 0.282 0.394
Che: 0.535 0.499 0.715 0.724 0.892 0.795 0.604 0.646 0.490
Pay: 0.627 0.578 0.402 0.757 0.656 0.911 0.857 1.137 0.894
Limit: 0.000 0.000 0.000 0.000 0.320 0.810 0.500 0.787 0.045
13.769483
AVG: 11.940 6.005 9.424 8.366 11.070 17.847 23.836 5.696 7.858
Reg: 0.644 0.477 0.415 0.518 0.575 1.000 0.699 0.409 0.579
Pac: 0.352 0.343 0.444 0.332 0.253 0.246 0.426 0.227 0.270
Che: 0.759 0.326 0.897 0.606 0.781 0.351 0.794 0.353 0.462
Pay: 0.703 0.371 0.473 0.758 0.766 0.570 0.935 0.651 0.645
Limit: 0.043 0.000 0.000 0.000 0.000 0.312 0.767 0.000 0.000
10.573570
AVG: 7.538 5.141 5.183 8.087 9.019 14.980 13.193 8.440 7.417
Reg: 0.550 0.310 0.484 0.583 0.866 0.967 0.407 0.367 0.523
Pac: 0.337 0.421 0.423 0.296 0.557 0.376 0.236 0.162 0.298
Che: 0.477 0.311 0.702 0.764 0.734 0.883 0.456 0.396 0.265
Pay: 0.799 0.444 0.401 0.726 0.976 1.000 1.269 0.657 0.682
Limit: 0.000 0.000 0.000 0.000 0.000 0.080 0.136 0.000 0.000
8.846594
AVG: 7.784 6.542 6.450 9.681 11.404 21.960 27.878 21.780 18.416
Reg: 0.453 0.447 0.498 0.739 0.672 1.000 0.500 0.500 0.500
Pac: 0.228 0.441 0.425 0.436 0.273 0.450 0.350 0.208 0.226
Che: 0.577 0.486 0.840 0.765 0.610 0.627 0.644 0.616 0.290
Pay: 0.685 0.742 0.430 0.878 0.677 0.929 1.004 0.767 0.735
Limit: 0.000 0.000 0.000 0.000 0.000 0.526 0.949 0.700 0.190
16.942423
AVG: 12.490 6.677 6.775 8.262 8.128 11.064 6.388 4.620 11.237
Reg: 0.658 0.417 0.452 0.537 0.641 0.815 0.425 0.318 0.754
Pac: 0.308 0.437 0.500 0.330 0.270 0.411 0.230 0.176 0.458
Che: 0.799 0.409 0.896 0.855 0.537 0.700 0.475 0.562 0.552
Pay: 0.728 0.533 0.359 0.962 0.781 0.807 0.741 0.569 0.852
Limit: 0.100 0.000 0.000 0.000 0.040 0.000 0.000 0.000 0.103
7.944911
AVG: 7.221 7.565 4.983 7.654 0.000 12.174 10.734 5.327 6.935
Reg: 0.447 0.575 0.410 0.579 0.750 0.931 0.523 0.447 0.608
Pac: 0.138 0.451 0.279 0.359 0.333 0.442 0.351 0.201 0.347
Che: 0.424 0.471 0.639 0.810 0.625 0.863 0.724 0.337 0.404
Pay: 0.549 0.578 0.330 0.803 0.000 0.924 0.987 0.584 0.818
Limit: 0.000 0.024 0.000 0.000 0.000 0.000 0.147 0.000 0.000
8.203691
AVG: 9.471 6.810 4.662 7.394 8.339 9.629 7.631 4.914 6.848
Reg: 0.585 0.391 0.373 0.539 1.161 0.540 0.459 0.399 0.292
Pac: 0.326 0.383 0.326 0.279 0.387 0.226 0.340 0.208 0.250
Che: 0.683 0.445 0.614 0.848 0.766 0.527 0.605 0.462 0.291
Pay: 0.762 0.472 0.198 0.811 1.000 0.576 0.891 0.829 0.427
Limit: 0.000 0.000 0.000 0.000 0.000 0.000 0.000 0.000 0.000
7.044368
AVG: 7.246 6.395 5.375 6.922 13.572 8.662 10.452 4.590 7.283
Reg: 0.755 0.329 0.351 0.576 1.286 0.851 0.574 0.505 0.440
Pac: 0.234 0.233 0.355 0.263 0.360 0.345 0.289 0.171 0.241
Che: 0.605 0.337 0.818 0.799 0.920 0.755 0.571 0.438 0.430
Pay: 0.940 0.535 0.448 1.118 0.904 0.342 0.875 0.507 0.727
Limit: 0.000 0.000 0.000 0.000 0.160 0.000 0.026 0.000 0.000
7.689873
AVG: 7.696 6.680 6.697 7.953 12.309 12.890 7.251 5.082 8.201
Reg: 0.540 0.448 0.437 0.724 0.710 0.824 0.381 0.592 0.410
Pac: 0.274 0.446 0.440 0.320 0.408 0.478 0.231 0.254 0.316
Che: 0.483 0.506 0.812 0.719 0.774 0.939 0.474 0.594 0.496
Pay: 0.660 0.481 0.469 0.705 0.941 0.823 1.249 1.051 0.840
Limit: 0.000 0.000 0.000 0.000 0.086 0.043 0.000 0.000 0.000
8.035240
