[12.31892957746479, 10.417218309859154, 5.116556338028167, 8.878584507042255, 13.890056338028169, 17.62661971830986, 14.318647887323941, 8.691950704225345, 9.699084507042254]
[3.8056312882467895, 5.710417696564956, 0.8624662110111246, 1.7214051795420897, 4.517994120189342, 7.887139041746161, 7.837743556605769, 7.120872123086088, 4.607687751507666]

[0.8624084507042254, 0.535091549295775, 0.4558169014084506, 0.6632957746478872, 0.8117957746478872, 0.8814859154929578, 0.47226056338028183, 0.4229436619718311, 0.49414084507042266]
[0.11817915231233321, 0.12053290737210115, 0.09169504108408925, 0.12979831531342284, 0.1864365820784, 0.12508699710153803, 0.11437667444029238, 0.08077902170213094, 0.12697879336914114]

[0.2576549295774649, 0.3503098591549295, 0.3820845070422537, 0.40898591549295743, 0.36187323943661986, 0.37367605633802825, 0.40035915492957763, 0.2659647887323946, 0.2977042253521128]
[0.060230314506554104, 0.07094504748008838, 0.0669800782824925, 0.07964224460404368, 0.09225018486602567, 0.0917035601698637, 0.0959170226450377, 0.05402925811074606, 0.07072808362406205]

[0.34171126760563375, 0.48706338028168994, 0.5229718309859155, 0.6942394366197184, 0.7344154929577467, 0.7594014084507041, 0.60893661971831, 0.500176056338028, 0.40362676056338015]
[0.06820779982925784, 0.10362868538027546, 0.08132684393565764, 0.11234146448189165, 0.17525318678494298, 0.13548260424997113, 0.12216735316819707, 0.09934839106388559, 0.09960857259581865]

[0.2907535211267606, 0.8269366197183098, 0.8193521126760562, 0.5071338028169013, 0.7489295774647886, 0.717521126760563, 0.4754154929577464, 0.3634295774647886, 0.7264999999999999]
[0.08713387680805706, 0.1326940362282553, 0.13279907502133634, 0.12524810469867, 0.18545872506473876, 0.16877465258882002, 0.11441733857069943, 0.0805451844048257, 0.1911971090446774]

[0.12725352112676055, 0.15302816901408453, 0.002507042253521127, 0.020049295774647882, 0.17372535211267606, 0.32828873239436623, 0.2573521126760563, 0.09310563380281689, 0.06793661971830983]
[0.19110565754774658, 0.22255386889159964, 0.013548944389458435, 0.04913295091586958, 0.21381017460757354, 0.318705117381055, 0.29917490285038384, 0.2532066657931088, 0.1989753404916925]

10.7892914437
2.79138605837

142sets